7137
7959
11027
12032
647
13015
17319
2707
13745
320
1250
16129
18726
13219
595
18889
17536
15071
10404
6699
9856
1492
1697
11682
13439
14981
17873
1018
11136
7728
15102
11272
10466
12372
1717
17022
3555
6269
19116
16289
8021
18282
8482
17677
14808
3079
13668
11816
614
407
10585
13433
17246
15464
1645
12874
6262
10586
14791
8719
13165
13303
3794
12321
15472
1571
15663
6975
11499
6652
5812
373
19827
17350
12940
102
5408
3278
5750
1355
10940
8780
7078
9385
4536
12926
6778
10455
7141
2115
4870
1497
6590
18098
499
11797
7709
14104
6633
2002
17348
18445
8372
6520
11960
9644
10587
10910
3773
9343
13564
1673
9599
9212
7719
12039
1685
8156
1472
1723
13706
9566
18126
743
2020
14244
11105
15772
14519
6340
6915
14344
15852
17508
5125
5790
5640
13179
8584
17540
2128
16569
4149
10153
18537
12868
996
5703
33
6118
12411
5556
960
18938
3932
1520
12727
13071
6158
16176
10899
11091
1139
10161
525
19801
17325
4718
19626
3227
994
19278
10282
3504
19193
19400
17343
995
375
1961
9073
5963
6005
2916
12550
14530
15671
188
19791
383
11346
12886
5096
2440
16457
15226
1573
13899
161
5687
5865
5612
15244
6254
10338
765
3127
4316
2769
12286
1471
4931
7224
630
15312
232
15529
13223
18494
233
16363
4158
18590
17902
19592
319
17271
410
637
15434
6026
2417
15975
10665
9673
6965
5523
19254
6592
8845
850
11777
4534
16413
13909
3735
8227
6960
8722
7179
5484
11751
5453
4015
274
6200
18559
1466
9010
19163
5802
18396
15287
18920
5412
10882
16164
15171
19272
5923
16779
17562
10987
12957
6782
18529
10678
10405
12679
14526
17040
17744
8025
8483
5227
10122
12641
9917
11095
5539
10698
11587
11623
2994
11961
19746
18581
16901
13559
4918
16333
13923
18882
6538
1689
15984
11860
6125
12994
11660
7273
9330
18856
13
2039
9388
19904
2557
2676
10406
12941
8210
16223
6156
2633
14604
17474
2232
13994
5214
11818
9554
18251
14627
7852
1267
14548
5821
19412
3709
17513
13038
14512
3460
11721
6245
2733
14175
13806
1167
11067
17227
18463
17761
1438
18058
10175
13946
11979
433
3196
16998
9490
14144
17288
4914
9690
17486
10768
14692
1507
18390
16558
16623
6180
5097
3703
19653
9561
18560
16576
19953
508
18538
11396
14362
5289
9081
10810
14264
345
5576
17908
7055
15116
10225
16244
11433
7745
1335
19129
1623
15184
8242
2396
11896
7337
16816
12638
10245
6453
2973
737
59
17115
12920
8411
16127
2874
19030
12945
1991
4781
12460
8550
13089
6499
9532
2527
9139
13737
38
11096
16865
181
6303
5710
1508
10414
10238
13260
19662
2898
12094
11493
18689
8379
17255
18797
16526
18194
7290
18880
8655
805
3095
10397
10812
9105
13413
4658
6012
19158
11845
2785
7124
18762
16747
4941
10536
12818
12134
17311
19275
15826
1228
7884
11449
5153
3595
10865
5725
6888
13789
16478
7283
7847
13068
13030
10004
19331
11054
15936
4287
13917
16509
2155
17789
4089
7123
15200
8427
16021
17802
101
7689
1526
19688
1598
2659
3396
15042
6285
9650
5417
1486
412
18937
13355
19740
3508
16266
2483
11674
2363
8037
10179
3383
19242
2551
662
7469
1796
1871
6188
5275
574
12223
17596
9944
4495
5146
12260
16241
7741
11581
11190
9262
4835
19797
9175
19059
12872
17561
4281
15810
676
8388
5036
11567
2397
9
11324
13888
761
1859
12339
1004
10602
2407
8118
4301
13965
9460
3834
6198
3123
535
12584
2236
12636
7486
1031
12804
2136
8047
8627
5130
10877
12179
7652
4763
18008
15034
3483
224
13381
12000
14236
3775
14571
6302
13235
8954
2793
2031
1373
16854
7083
5076
1189
16121
5090
10042
843
3863
5992
12955
9488
17740
7769
6831
4710
19347
9476
4700
10537
7814
11212
16837
11898
1523
1280
10631
16130
14800
13985
19657
11759
18115
9937
14537
4163
2522
19716
8595
7855
14772
7989
9371
1738
10562
19359
1872
9649
5388
7784
12861
18623
887
9707
6415
9801
1410
19204
1299
17006
9628
870
6622
15906
18138
1091
4115
15640
9136
19802
14283
13230
8640
19297
16950
309
9654
7105
16317
10315
10087
14074
3908
6780
5169
6475
6306
5995
2041
18965
11908
16007
8425
6483
9320
6388
5139
3662
2126
18427
2443
3022
6360
15786
12293
6405
15809
414
1924
4085
5133
16067
6284
1188
14676
2902
7227
19328
8680
9691
6030
9338
3254
10071
749
15399
7879
18196
3298
18042
19787
19955
2894
14865
14525
11044
13485
8422
1612
19316
10789
8514
6606
1270
15497
11365
10258
10621
4842
5730
163
5307
15834
16977
15488
6477
17979
12154
298
7269
5618
13785
12854
2795
16066
8244
487
9038
6731
15709
14430
7401
9695
4988
9863
9729
4695
6835
2700
9410
8053
14629
14221
13894
1283
980
478
11354
1157
4984
5313
15456
15281
3898
20021
6124
5574
1951
18823
14260
6995
2078
12004
3137
9399
1659
12798
18429
6826
14506
6066
10610
9189
2334
3764
6565
7250
14857
15932
13354
12145
8758
7990
1585
20000
14624
11402
11442
577
4774
1842
3100
14616
14593
11246
9665
5304
11337
19299
7386
7793
13679
2810
8559
19352
99
16580
15734
10818
17224
11339
5047
8581
2535
13588
16898
14839
5844
5972
15900
12402
17717
18535
13892
8686
7365
13976
16490
7217
18062
402
18956
17284
17477
11709
728
18943
4561
926
11399
16271
5155
17292
2854
2486
16230
10206
12639
5874
14573
13010
5200
12799
16184
8185
19210
798
10006
19441
121
1380
17671
6850
14536
18145
3092
9304
11193
13301
8458
10964
3525
12599
5073
6039
16555
16861
12476
1802
16704
13586
11486
10132
9953
332
7425
1259
9031
13173
19596
2469
15957
5087
13333
3916
7184
17057
5889
13733
13077
490
14056
1003
18604
6512
15242
12501
18300
3980
16733
1286
664
15002
2743
15366
566
14300
7354
10340
16003
4746
18010
5001
786
13571
2678
18753
5838
9470
2534
5957
2199
801
16351
9427
9445
8191
14453
16239
5321
12764
2738
6403
540
8591
10131
3641
6568
11277
12647
5274
10906
17756
6967
8321
13727
13800
11647
18059
15654
4247
17659
9346
12022
10541
19399
18337
18648
2841
5500
10236
16801
5395
6509
6406
16496
4257
17458
15015
2215
13490
5027
18934
9594
10928
5635
6278
365
8217
8877
10139
15195
372
6935
13825
19687
5267
5359
5030
1849
8776
5175
15326
5598
18086
695
350
16529
13194
19459
15060
3132
7193
16385
19893
12389
12698
10838
19765
17145
13972
7181
16499
113
3900
10057
7825
10504
10099
16678
4315
6725
14088
8523
16634
18123
810
8209
9964
12999
14994
6673
3436
7218
2754
3447
5148
17499
14234
19970
1940
10927
9709
19928
2352
10120
4643
14071
9025
720
6138
4131
7044
16015
1860
11959
14059
8940
11455
19246
10710
4750
11269
5431
6107
12879
14750
5600
1010
4757
9784
11805
10491
12095
18074
18328
11664
5792
766
10447
12889
3707
8080
259
1414
14184
10517
11153
16170
417
9646
5956
9477
8269
3456
9725
8604
9365
3588
7746
4761
14084
13716
7838
16128
19004
2724
19759
8361
4997
11983
6219
13631
790
413
16640
5465
8746
12057
15094
8390
13915
9141
17282
10186
10441
3586
11676
5650
1549
17773
4968
16906
2570
4237
17518
16290
7340
4324
12277
6213
19748
4467
2315
71
7552
2460
19734
19184
7246
15875
10516
3279
2295
10259
7881
2377
1630
6045
8892
18705
19966
3310
1902
3937
3139
5081
14094
7992
2511
2433
8257
11969
10301
8363
17019
7430
15881
12456
3524
5361
19580
1456
5833
11211
17277
19338
6096
4141
5
9701
734
2304
1566
12224
6805
15588
3991
6134
12557
19583
4202
8834
11035
4483
13905
12466
18924
18959
18877
15803
8865
4850
6998
7431
16981
1576
6953
5451
8502
12297
19997
5593
19859
1002
5065
11601
2519
14610
9762
2094
14788
19531
11360
9754
2582
11927
6663
5801
41
6401
6077
16431
627
4232
4404
14720
15617
13264
19465
18210
2732
4883
16425
4230
15591
8976
11795
10751
7969
19901
13425
8333
18349
9910
5459
7465
16505
8615
1411
4559
1511
17107
11963
19093
8248
6655
17401
19356
5723
17530
19920
11357
13802
8273
19976
11611
1336
1727
14859
12873
12567
10219
18281
17420
18094
4686
10651
803
9635
8994
15121
5891
11099
8694
2022
11559
7718
19485
347
12474
4488
19247
9013
12774
18410
3266
15318
4444
16566
19715
4992
8395
3990
6016
5704
15035
4999
2194
5804
2181
5901
12506
8318
202
10321
5367
1676
11728
16929
7798
7567
1635
16296
14736
2771
1953
7197
4720
2471
2134
17407
13687
9443
5918
9249
5058
9938
210
10239
401
2619
10394
19458
368
5104
5427
3708
10599
2882
12768
7747
17114
9404
19477
9161
11769
9475
9063
2642
19355
14023
14263
8739
220
16365
17970
1547
5676
3611
17413
1265
8842
5276
2404
10963
12666
199
34
10110
19634
13652
5224
11839
11649
10511
18234
3519
17615
13601
14508
15681
5691
1557
4318
10993
13585
3346
1758
2201
15417
5083
15410
3136
16717
12627
14657
1246
13826
4398
5172
17610
4373
7566
5229
10496
17075
16149
8740
3613
9392
1104
12922
8995
16371
1292
2268
1362
13902
272
13931
9901
18662
17356
19565
10540
7434
6819
10976
7643
10879
12877
1600
16737
5191
17195
2042
2303
10935
2645
18021
17170
4147
18292
6922
8571
6295
19960
2923
11306
12448
12432
1135
8181
19422
17502
8393
9415
2576
9363
3109
3239
6114
5799
596
11767
7734
14075
8195
5381
19260
19416
14704
8519
10034
4608
9785
2296
5098
13793
10067
16477
9425
19782
1418
3262
5212
1653
8415
9581
19317
13164
11407
563
18636
6127
3832
7448
514
17334
4276
6578
8406
6102
988
18436
2074
6723
7005
19270
15705
9248
10560
9773
6212
45
10900
1102
4974
5654
18872
18655
13065
11451
5488
11879
18914
3835
7952
8759
14216
18144
9987
966
198
1799
6825
17121
10112
14905
14835
11171
16198
2661
3492
13671
10809
2554
14402
3740
8334
9911
4593
6225
2010
5492
8008
15647
1008
3748
12946
12548
8784
9795
10533
19463
13567
3478
4751
11856
5705
564
15584
7428
8607
6275
13099
11511
9228
14785
14080
17426
8824
12089
16982
1344
19442
1166
18945
19888
1224
18203
7006
8617
19437
15636
11803
423
4081
3082
10435
10309
12703
18007
9356
5055
3582
16342
14280
3186
6557
11049
7461
12761
2832
2890
7581
18526
4343
6223
4005
7433
9841
11364
7268
12468
13285
5610
16204
5054
2229
6491
2739
5784
7501
14026
14087
9232
3217
19013
6121
11034
9082
9300
15379
8250
9284
2863
6065
8443
19495
13619
15512
18168
10444
3587
7096
11557
13839
14931
14380
2430
7116
14121
1311
12074
9367
408
14656
12382
9796
6414
12757
17210
1314
6421
18509
4460
8835
13557
13740
11993
8122
12938
12612
14972
6164
11943
8616
11358
18264
16551
11288
7672
15353
10178
11157
6474
1127
18293
8151
6126
16445
11742
1749
3471
14773
10476
15108
3754
19586
7035
5261
12387
10619
11347
12197
18036
11592
14136
301
685
5746
108
7496
3179
8509
5547
10107
14935
18454
18488
6713
16909
14956
3044
8057
2221
9190
10694
8034
12386
1544
16694
14171
8131
6133
173
9117
18173
17804
13492
9373
16304
10385
1661
4884
2359
1678
13426
2600
14039
8218
5286
5726
11894
1416
12418
12809
7215
12322
4605
3692
15608
2766
7936
12996
7471
3668
4009
6075
2101
13756
16826
12116
13713
11565
13627
3942
2119
449
11378
358
10826
16346
5231
11810
2148
19906
2809
9923
10290
18683
7958
6175
1220
12415
8145
2191
11739
17196
18731
18706
14131
14912
14440
13227
13511
11032
14793
11491
15808
4526
6290
5521
8387
7392
6917
14730
9201
14880
13076
8478
12950
16560
9200
6137
17582
6628
8042
2253
691
18425
4258
2343
17030
16665
1609
19392
15248
16596
7307
13190
269
2180
3724
7832
10568
6214
129
7233
10387
5122
171
5711
9638
17640
19897
4648
3451
12058
11408
14292
6900
9615
11024
9855
15305
13497
14286
8465
1913
11808
6944
3624
668
4520
7926
17611
12866
13243
2457
4294
1582
1313
9120
14862
13247
15560
5436
2775
1957
8339
11524
12246
8807
13090
11011
2472
10102
528
5021
14405
4499
3183
9858
2301
19712
4609
7805
7920
14083
13321
5213
813
12401
7720
12368
15461
15398
7808
16631
8568
4336
18541
11633
5406
19849
13558
19974
6966
10154
10174
14130
13207
18446
10512
10699
6105
1632
12264
3949
3428
6630
11605
1434
8566
14588
15440
12045
18548
12948
12405
4631
2975
11873
12529
4134
15769
15396
901
18160
149
10559
15885
11889
12174
18816
12390
16479
14940
12993
12270
19747
15209
17722
13107
8410
8563
10635
5548
10858
10318
14640
11671
11240
10350
11052
7254
4671
4144
1908
2950
13304
14389
18073
4724
15807
17505
1636
4817
8113
7280
14063
2805
18107
13904
15953
7654
18270
12049
11415
772
7345
552
7889
11382
8662
17470
3189
8256
10578
2187
12895
15542
5566
10726
5392
4438
9029
15115
13526
11292
11200
2690
6813
11216
19518
67
7819
19200
14673
15561
8461
17174
10521
13050
1370
5567
2114
11094
19615
3337
10215
2044
1962
14895
19646
3820
13815
17747
7699
18371
12939
14737
973
17396
607
3757
16947
15771
3697
19114
7542
7564
799
9985
17679
3148
15321
10727
10884
16531
1306
10033
17496
2142
19639
8289
5595
13217
1601
1535
6674
13565
19829
12007
15177
1034
12771
9747
5798
7223
15735
10022
151
6173
2964
15896
7874
12619
9876
4063
1150
8866
93
12319
4906
11566
13063
10524
2058
15555
1077
18227
15580
2781
604
11172
19350
15532
8583
11968
9412
9733
916
6324
18617
8748
18133
4755
2593
2255
6696
2329
8950
3392
7527
4793
7716
4740
2881
3751
17803
8653
7811
16455
6307
9123
2703
1844
6989
14505
12554
6489
19381
8786
16513
7856
13493
7040
15904
8455
7114
14695
6561
12669
12862
4061
1253
10407
8929
19524
4734
16306
9199
16957
11483
6206
2515
16604
13957
1117
736
6931
5979
7301
4782
9109
16740
5398
12085
5775
18743
12304
14643
10817
340
4470
2552
1640
8346
14052
9755
5861
12119
11593
8189
5402
14769
19226
3115
2502
1080
10494
136
11062
6157
19544
16890
12503
18625
9368
474
15114
5491
15733
1154
18553
18301
2
19861
5773
6774
13282
755
14462
2292
15823
11870
18458
8987
18675
10738
9920
12490
11274
16996
1339
11097
18687
19528
8088
12353
18496
3064
12021
16450
1026
6956
4347
14360
3842
10982
11403
1637
18428
10642
11921
7595
9636
9009
19941
10543
2843
16891
18235
15818
6625
12086
17651
1627
12274
13554
2357
16613
6325
8812
6022
18652
6452
19844
17242
17848
13479
7526
5878
4254
5936
8473
1720
3786
7142
16799
7932
12655
4420
8441
8830
16458
6179
18532
16388
18169
8916
4530
5437
5352
13819
10712
1242
8007
450
8398
8643
6361
497
293
12471
18505
11074
489
8285
11194
17975
9851
8128
18087
5273
18714
13043
16133
14417
677
1425
1583
5109
10018
250
13531
991
2204
13183
2705
19971
7972
9078
11163
18607
16649
10864
14014
18614
16608
10658
1379
3393
11001
12408
2000
17084
9121
19623
8907
10065
7396
5579
5803
329
13991
4357
18181
19055
1899
6925
3694
18848
5040
13382
5709
19103
18712
5411
17451
10986
335
14775
14303
2835
17025
228
4090
381
8019
9194
17442
9394
14209
12114
6495
6476
4670
922
18751
636
15667
4288
1366
4022
8911
377
7467
3024
5135
12477
3893
9592
11661
4594
516
13081
4646
10291
828
1938
10643
12696
9106
4035
1348
13723
771
12
5494
10873
360
5088
11831
13308
6032
9478
15277
4866
12623
2608
6714
17524
13108
18166
7414
18367
20014
15954
2729
3868
7093
12981
10363
8826
3583
15451
6168
10144
10636
14532
6987
2140
3386
13447
11936
11266
14661
8049
15596
6144
7039
16209
11305
11000
3706
14700
17447
892
13851
6916
15392
11022
11923
12164
7854
2544
4164
17464
19607
9401
5797
16843
10193
16141
8894
13286
9049
9281
11485
15557
567
3398
15167
4641
12367
14595
10255
9058
2394
12658
3759
13988
17177
8033
655
11569
4852
13553
19927
9583
9892
8993
19675
7057
5714
10895
957
18782
19377
10909
19150
1364
716
14611
11851
9389
13117
8014
9991
1670
246
10021
10232
15568
7981
7794
18933
1740
2171
3376
2159
5879
6910
19845
615
1631
18243
9294
3633
17173
15595
19621
11949
8854
14906
19110
6511
16252
3839
1890
12295
10545
11801
597
15828
7522
12041
2167
3008
16595
18435
11582
8742
17184
9126
7322
15205
956
2276
921
9181
2657
11865
16225
722
17158
9522
555
4403
1647
15296
11030
7583
11869
12417
18833
14284
19157
7437
5084
794
17542
8163
3590
17172
534
10364
14258
8737
5924
64
19403
6136
6392
7600
12377
16794
854
12969
3233
10736
14813
15627
10378
5150
11443
3290
19353
4479
4490
7736
17657
6618
1205
13822
116
4439
19037
4043
13701
4349
17881
12863
7807
5762
6882
4982
1789
6160
16919
1222
4708
8971
8298
3688
10734
18481
13747
17039
560
10786
14129
9386
9679
9763
9718
12913
1536
14814
7238
37
816
3888
19884
14572
18513
17432
14764
8707
7204
11348
17415
6276
344
10150
12701
16523
8689
18422
15241
18886
3906
463
12591
18544
11331
18250
16070
14137
14590
2580
14257
1791
18728
4813
5732
19040
16971
17850
6183
486
3648
12602
18870
2239
157
2146
18330
47
4363
15409
3638
1069
4942
1644
15981
12514
12403
13973
1955
8641
15538
496
964
14157
1788
72
9974
18967
9675
16832
8102
14941
9862
3339
17138
1009
8159
587
18035
16780
3121
5947
5692
1742
3979
2217
9906
19982
1628
5446
14151
6117
16319
8656
11165
9484
1264
11639
4568
17467
10840
14072
16384
12589
5387
16582
9789
4252
8529
9884
7621
15339
8134
1599
10133
5967
11057
12664
19660
6700
658
10137
14522
3914
13318
18774
7946
7442
3390
11857
9751
7294
18716
3867
12604
4713
7517
8208
4070
18773
778
5141
466
11383
1870
19285
19125
18382
5255
312
15839
8647
480
1052
7060
16695
2297
4246
8801
19678
16091
7588
14535
10256
1593
9209
13278
10945
12103
708
7870
14227
24
11197
8782
7822
10283
19074
13256
4522
2356
11023
1050
16470
19819
14621
78
12299
15142
1136
8266
16899
14050
13477
6707
7893
6293
11855
15535
3459
8701
10969
10845
4800
6994
19322
6596
10764
5410
14077
18127
14293
17814
4465
14118
5809
4340
6069
11884
16154
13149
10119
17655
3778
405
15564
17100
10079
16160
6604
681
3049
2838
16848
15504
18480
10125
15955
517
11018
9846
2218
6018
14459
261
18485
10668
897
9021
18787
2531
5971
10302
9416
8687
1572
7132
10372
12778
2662
5526
6235
5575
14200
15097
438
17636
2931
4989
13691
145
8219
12878
13647
12284
17484
8671
13298
9113
7594
16494
738
14165
7136
10663
1333
19541
833
3185
3168
9546
19771
11591
6636
3056
10062
12489
12156
1349
10438
2555
16863
6417
6641
8518
4028
8232
9408
7282
2709
16667
1162
6586
718
409
7097
9633
16055
13084
14174
8770
443
1700
9099
3609
6903
6385
15245
18456
1880
2677
5211
3622
7712
10171
1296
7444
18072
19973
7330
7143
1248
15549
14403
1688
4620
8467
7494
5761
8879
5930
13700
15850
15249
2036
4938
9242
8173
15583
18018
11459
2183
14625
6437
2828
10052
18095
7862
19636
16718
12784
16916
14869
19539
16724
10392
13730
1255
9112
2718
6040
1261
9277
12328
1917
3439
4765
18405
8679
7038
16387
9942
4264
17906
19010
3208
17779
19991
13288
16140
10195
275
5529
1866
16633
12155
15628
15020
13572
13205
19882
1352
18824
14922
10243
12672
18112
3221
4717
18884
14265
7700
18894
15842
6497
1898
460
9504
7975
646
9459
8513
14925
294
23
8397
9607
8843
3220
11496
2210
4111
2211
1323
8491
13573
19512
19445
4448
16626
7955
16386
139
8104
2808
17469
13133
10254
17342
6108
1730
16072
9586
1581
19283
15494
2200
18473
13925
16094
17572
12475
6838
348
3205
5698
16248
8743
16840
1766
1494
16404
5077
12745
5019
17285
11843
11482
2736
14164
18314
4547
8906
13153
19183
14139
15876
1406
7326
13989
18192
10073
13281
10344
10010
17056
7333
18534
5419
2655
4260
15073
3329
17708
675
16443
1322
14577
15181
4856
4513
18661
9708
7988
19980
12796
12275
944
9672
17004
16189
7484
7069
13528
5914
19638
2113
16199
10281
13599
9237
1044
19644
16584
15120
15783
18656
5038
8878
903
10043
15056
10938
7897
15622
15592
1421
12634
8634
16544
13979
437
2062
9145
11815
3505
7130
17745
6941
4871
14927
8322
3904
19670
11155
18910
19762
288
16925
464
11102
5525
10983
19471
15266
1692
3159
16407
1193
12907
578
11625
2235
2463
12625
11090
19892
10355
12887
16889
7644
19667
12080
16638
19533
19568
7785
7518
4743
1786
6927
9027
18667
6355
591
6311
16098
12595
13244
3251
17622
7284
5483
12172
19704
17509
846
6542
9007
5075
10869
14304
6824
384
2420
10888
15677
4078
8681
6011
4497
10745
15349
13184
507
7051
19225
6742
12656
11392
16973
9270
3831
14663
3533
17856
7861
7445
11641
8991
17270
9241
15307
5154
1493
5283
18290
6386
1437
16632
1365
12122
14146
8111
14527
11227
10398
8115
12496
4973
6569
18188
15686
7076
19123
18256
12289
3699
5632
2009
14333
5242
8125
7390
767
13375
4936
13209
4167
16134
6310
19601
629
11304
17269
15043
10437
1308
2431
3291
14134
17443
14428
10183
7575
9933
18929
16945
6078
1690
8956
2751
19896
3400
19291
14153
1000
5457
8453
7559
13843
6823
16013
9074
17233
16753
5682
6768
11920
18885
2904
3750
13858
940
14233
17154
11417
4932
16293
2400
15926
13877
11265
14408
18561
16208
6358
3749
11440
4859
6656
9655
1433
2493
2540
863
19905
17589
1337
8785
13067
10596
4577
15492
6031
7589
13290
6152
13593
19680
5719
17704
6387
2922
12416
159
448
1538
17639
6563
8067
10360
9904
7441
9647
19799
16389
18819
1083
2468
8836
8577
14479
19216
9657
9244
6555
17117
1024
9448
3399
15990
17241
2672
13429
15637
12601
9559
9452
1834
1843
2606
4108
5165
19741
9580
15027
16821
1190
3935
3809
19737
2220
7255
3542
13681
6282
16812
7655
8207
9231
5501
7272
16353
11778
5187
15391
5507
10025
5466
7470
5366
14301
6613
10872
14924
13987
5219
8459
3645
11534
13680
19828
9850
5829
4702
11758
15402
18297
16895
5841
5789
16137
7648
1713
976
3816
1935
5946
3628
19566
2988
19229
15526
13139
9669
17353
17628
12856
19251
6842
10080
13725
10569
226
2946
15915
7931
13060
236
11386
2082
18361
14376
10867
9483
10737
10085
1819
12429
10327
904
4898
8286
9211
9474
2737
4642
10188
18776
9372
11905
4307
16824
17626
12290
17874
17012
235
9469
12255
3268
2641
1452
5877
14193
6368
6651
11790
15046
5164
19725
13314
2028
5082
12011
8613
15268
5294
3739
5357
356
11809
13869
10520
17594
12030
9767
19389
17267
1468
7176
11516
5528
5587
462
1459
13960
8545
15051
4635
3686
18710
12220
19264
1432
14214
3545
4904
11502
17027
16156
5014
1845
971
16182
9322
7844
19666
9769
16257
14716
10210
554
3599
590
14799
17931
8331
18786
3036
10535
4312
10887
12014
8259
12632
16161
5941
3043
709
12823
11226
5987
16974
3974
8497
7316
1589
15872
2694
6685
11626
9812
6793
9168
8357
13950
7349
16118
5160
11329
5769
11972
17002
19911
2681
397
19155
7915
1701
1800
4775
15502
9956
3585
15970
19174
877
3561
19853
3257
12980
4394
1817
13678
2277
9874
4903
13215
18471
9928
16869
17385
13006
12806
14271
3481
5854
7631
12018
7216
10415
6908
1818
9030
2362
3090
14205
9219
14296
5880
8258
19384
4858
912
8857
18838
820
13097
11148
11315
4754
13331
9963
5391
15107
7912
1134
6308
8251
7810
12590
858
12029
8633
1726
10590
15587
1271
7258
12829
1757
6019
9157
19266
18025
3462
19345
1321
19708
3573
16808
10692
9406
15430
2529
8261
10673
14246
7342
10746
1686
523
17630
8100
1825
19513
11085
3457
19775
1706
9576
13908
19020
2445
9174
1200
6797
8541
15792
14064
5902
4464
2553
18941
12247
7084
2173
19234
7918
15615
14400
2721
7572
4253
4168
11004
17248
9719
1927
7320
12351
15855
9973
11568
13478
7553
12203
11614
8754
935
15125
5961
3267
17603
1698
17600
3163
4627
17815
11645
13121
17875
169
13419
16790
12988
5553
13708
11456
2521
5117
158
19206
19869
12987
19162
2601
4919
9496
19287
19401
17932
19632
15864
6103
9737
16
774
5721
12124
12776
1419
8444
3
12542
15890
13250
19902
17000
1665
19290
4788
11454
19836
14990
14291
15182
6399
8955
6653
4612
1226
14500
6660
559
481
9890
7146
15161
11965
18269
19619
17366
12671
10336
25
15459
14762
15101
11398
5831
6788
2675
7317
12723
14876
17377
14002
15821
13996
6150
3654
6357
9375
14655
10066
518
12630
11546
7753
5834
4062
11853
1027
17853
14140
15106
10284
14575
8287
16501
5222
3326
7506
13911
16902
7771
10261
697
5086
11176
12359
212
882
19064
3408
11821
5230
879
1660
12334
1095
19475
12278
3474
17520
18568
16422
11204
17768
4109
7407
7664
1393
9188
1616
8464
7698
9848
3357
7539
6815
11900
2549
8481
5512
8503
5617
1257
17757
11460
17063
17627
10773
15800
9426
15525
2240
17775
17749
3530
9527
19017
8873
10566
13515
13752
16761
8959
11917
947
7780
10729
19273
1548
10408
5688
8169
2586
19430
15616
5718
10204
15011
7154
11527
9313
2190
18033
5322
3435
3466
6347
17592
7378
7965
4136
1351
8673
13661
14049
5464
10644
859
5245
18332
2131
13229
13411
10679
7411
8374
5271
3912
9798
5161
6236
5106
9620
16419
9310
2393
18879
12347
1883
3142
16510
7791
13955
2925
5044
4052
7815
10142
5853
9312
11284
7967
15023
14316
13592
16662
11788
14679
8452
13537
4351
14771
18104
4268
1745
11907
14819
8430
13848
4333
12336
14858
6464
468
12546
11327
13500
1639
14317
11531
5100
10529
12820
17936
16122
10666
6968
7540
14018
7170
16693
14804
13185
19454
1300
511
16550
4963
3553
14976
5973
5565
13560
403
19121
9108
8050
18408
2530
8356
14758
1394
12311
18040
11612
12388
17537
13717
8718
3187
6266
8799
3729
3318
7775
780
5518
18122
4783
10588
1123
5246
16542
19303
15039
15680
8674
11933
14416
2389
19755
2772
451
873
2188
16547
15811
1151
9742
11121
6752
17044
10600
3747
12906
1863
10728
5181
11467
9150
1214
5445
18022
11441
4249
6829
16075
4406
10165
16427
16146
9682
13016
1049
10077
7236
14224
8061
12165
14723
7296
16545
2665
4905
674
1643
14110
10561
1302
2587
8676
8085
3417
1211
3705
15040
9741
10604
6818
132
18733
8712
11711
9191
14884
19360
12914
3630
1319
18177
4175
18759
12976
13002
10096
6099
12492
14100
10705
15478
6874
322
13813
15599
19823
3619
12610
687
19796
4180
639
11015
13193
16972
5911
9405
16264
538
7730
693
15240
17729
852
15109
19102
2640
13231
16855
3631
18810
17051
6690
6577
5733
2952
5336
15004
5441
9301
1832
16037
18296
17683
2075
15919
11287
15635
1284
8472
11187
14055
17444
12511
15397
17466
6784
5496
4789
4410
10709
13496
15400
11056
754
9400
2320
8768
7538
14225
7221
3860
1025
6454
17411
1207
12888
19202
3987
12151
16004
8858
19304
8307
15370
4011
8944
10485
6889
4274
3658
1681
13524
15698
2275
16776
7768
7577
17807
16924
998
14315
13969
10420
4736
1153
11394
4832
12909
19788
10767
10803
18566
2410
8949
15794
16690
15552
1550
12024
2205
19253
14939
2594
12702
17670
4024
1454
1835
5599
14551
7705
11825
2053
4730
1879
4034
9407
16439
406
14837
398
17667
19933
18120
945
12773
2066
15458
11953
12486
775
4275
13424
18898
13142
18815
13954
1672
17595
378
11946
7244
3549
6665
1540
19227
616
13494
2033
11648
13916
6773
12925
13122
8116
243
1933
8174
19493
9463
8766
28
9728
14473
6918
12791
10811
16822
14141
15931
19978
12257
18950
11713
11362
1561
10591
4114
11668
13527
5544
6712
14230
6394
14520
8270
6754
7681
8370
7692
3270
11195
6955
8228
7422
15304
6146
14855
6669
12087
3811
15278
15298
12055
11478
3510
5969
6209
15892
12682
8132
14373
49
7696
13440
5590
9924
9379
10955
14891
12543
4360
13305
1527
17601
8625
18653
10458
7008
13380
10856
17354
19620
12177
8211
733
17363
11201
1148
19877
1179
5935
15031
2388
12783
16454
1100
7812
4539
10972
10671
6715
4319
2716
18946
13407
10480
17829
1155
15050
12356
12239
9125
12545
17579
16155
931
19665
7375
125
19860
16219
4424
1954
8203
13302
13590
4099
11890
9879
182
18285
4221
13249
3144
7382
7919
17608
16026
806
9453
14711
2054
19034
3171
193
2264
3089
16629
17958
18130
8741
1307
13555
6435
15100
15569
13794
18344
3950
13880
17864
4056
8024
1098
15250
2263
16594
6013
4087
17982
5749
8800
5478
6436
12473
16056
9996
3829
1191
11762
4023
5984
8098
14608
12064
6289
13673
5145
323
7318
12896
17556
1119
6772
16452
16699
1941
2711
12236
11745
19326
17252
84
6909
15581
9271
11988
7555
5072
4589
5607
9764
11718
13770
17971
334
672
200
1821
15682
7635
14377
7607
17346
1638
17055
5663
2035
18356
12754
17373
14078
18756
10356
436
3484
18693
1768
12303
17647
2271
14154
14995
13334
18475
14160
6348
3307
8192
1324
770
13120
12169
19374
1591
2674
795
18213
14338
18442
6162
14569
2050
5300
6597
13922
9252
1140
4341
15147
19959
7934
8886
10612
15511
8184
2895
18732
16900
14709
13863
869
8167
16436
16029
11429
7315
17605
12282
14860
6313
978
2510
1746
13859
13536
400
8974
6507
8668
12865
17500
19728
14705
5240
5620
11881
6315
16522
19498
4838
3550
8527
12640
4135
1986
2794
6345
8385
8901
11473
8856
16474
12419
13643
13780
13898
15049
19830
18601
19698
2687
17122
18388
18347
11973
5537
2591
19494
15630
6595
9220
6143
13510
16672
10472
222
5808
19804
12146
9293
10700
1015
14427
18460
15330
9831
8716
15383
7400
11208
4503
632
2695
19310
10262
6140
3977
6271
248
11299
2170
16265
9435
5738
4638
328
3925
7725
15214
14019
14061
515
1669
14846
19474
15763
7182
1855
14518
7661
7677
11666
5793
361
16719
12966
4831
19842
622
14753
9674
7140
137
253
54
7147
12859
17347
18109
18242
11738
17095
6498
13245
14451
11476
18275
11913
9014
768
16010
9803
752
17865
3060
4590
1794
6338
9630
5764
15165
9260
13912
10878
7447
19436
10228
12977
2008
14031
15612
12927
7910
13522
5024
18441
8312
5338
14806
8765
19026
5432
625
17402
16485
11055
11191
3128
7742
9730
5734
6044
7905
14583
19594
12056
30
19407
10971
914
11295
9903
719
1964
9976
9090
6172
4091
8905
18828
12616
19484
15659
1090
12472
11112
13034
19239
16620
7608
8547
18229
8706
12348
8574
9662
11525
12499
5310
7903
17872
14012
14780
10092
19502
17709
10482
18795
585
8179
7313
9450
9624
3939
18550
1460
11743
826
621
3330
13891
15345
10498
16069
11998
2744
19000
18793
18556
16063
18258
1707
7016
6458
10790
12897
14958
16568
2322
14849
5554
6472
13981
8526
17922
8815
9618
9348
12949
4338
15607
15496
14646
2123
19934
12193
4231
1522
6969
15233
15367
13330
14991
5341
16707
1815
4447
4816
6350
4862
16641
9731
10293
17764
13463
1173
4902
11586
861
17020
1764
11132
7498
4684
562
5772
12500
1606
7909
16841
4909
4407
4337
8094
13403
13328
3608
1668
6132
11941
5031
18697
14827
17831
19807
7554
8564
15862
17003
1992
16018
9458
18551
10489
575
13170
1771
2884
16706
6567
8567
14841
7228
8226
18703
8003
7928
13834
8155
13943
15445
5303
4021
12442
19117
13187
17619
8832
19530
13340
12447
10774
6621
7899
15168
19952
6484
19323
16892
10842
150
11344
7799
9895
15606
7593
660
6047
2124
2669
5942
5577
15082
885
176
7111
6147
706
14480
6803
18545
13309
10941
19870
8727
13933
5351
5241
5597
16750
8947
15362
16173
9206
456
170
3877
14312
3401
5916
5149
1037
9077
14833
2223
9625
3009
5490
8592
8983
10070
12242
7848
4709
9354
3067
11616
306
5482
6791
8749
19898
13584
10718
18804
1529
19516
14820
5591
1981
15426
14946
918
3409
8295
19542
10088
5582
14686
3059
14702
11009
258
13159
13513
2196
11431
15749
13272
8303
4295
10224
7528
6886
8213
4733
11401
12932
14206
11954
13467
2563
8767
1051
19349
10855
5603
7582
12748
8280
1664
10267
13605
14745
6425
12093
16366
1828
10117
9255
12125
2750
3431
19912
19895
10162
15856
5903
3594
3242
1504
961
5423
10278
5174
6467
9814
10009
5089
4707
241
19914
15215
15969
10861
1186
14507
12384
13106
9195
7668
9797
11281
11037
1441
12413
12681
4399
5977
6068
17965
13001
18634
196
1505
12855
9670
18998
1774
16393
19850
13000
1501
17680
13470
10623
15375
14566
17386
4880
11770
12665
1642
14340
16446
18325
1793
11652
3405
13258
4174
17797
9757
18642
4998
17119
9786
7659
15934
1702
11928
12918
16117
13930
7514
6274
5824
14159
7257
2372
5173
1509
9562
2849
15308
17812
10781
3941
6091
10630
16352
19790
1734
19164
3366
9804
10101
18331
4442
17409
5869
7917
9004
278
710
4688
13222
12296
8429
4255
12719
5858
16834
14478
8699
15534
3119
10235
6148
6332
5316
6531
11356
6540
9875
4908
4610
3301
4391
1395
13335
16124
3204
15516
190
19066
8282
589
13807
7806
11221
5034
4402
55
17792
7579
9162
17235
1475
2361
8404
3518
15556
14795
15657
12385
19963
6642
4489
4848
19956
19848
13861
9648
10296
10473
9207
11395
3117
11353
9334
1232
2027
7576
7497
16562
5863
2055
12048
16995
9602
2057
2085
2997
11424
4983
4509
10395
16221
1403
2470
12746
4300
5266
3527
11796
13387
8029
7427
2969
5194
11542
1269
16825
14852
711
8880
17648
12642
15982
9172
17355
2448
8220
17760
16845
1318
10847
7219
18817
5781
7628
7477
5822
16786
1787
11792
797
6349
13624
18809
19954
11994
9132
435
6446
6329
1839
13418
3219
15221
16097
19146
11970
5426
9287
10787
12875
15966
16472
1262
10618
10713
7405
15860
11526
16585
2237
13812
1820
17565
11871
787
2525
4703
11663
6583
15530
18433
9877
9384
13927
17333
17809
16833
19929
14962
15455
8069
7756
19602
14065
13240
5226
1377
11744
2298
10701
16168
7126
11116
18111
17321
17222
8903
5114
11690
1453
4607
8063
11607
628
5102
13797
17928
18020
7994
15822
12871
14415
16281
12210
13547
10160
2930
1371
6771
1113
1125
4094
840
4088
1225
6887
7203
3356
10980
3384
18628
20020
5830
19595
1714
16543
7480
13655
8874
14567
4953
17884
9152
10449
5915
56
4944
316
11757
6196
7323
8717
8998
19042
2590
11918
10019
10173
9068
19935
7108
12587
7074
2289
342
11219
6923
14899
5284
16857
13503
11867
3678
1565
9045
2891
13926
19386
9316
2820
4234
7167
7504
262
9104
3779
7629
13729
1160
152
5585
6002
8828
9043
3824
19333
3813
18001
2596
15909
16881
2316
4825
1502
7192
5182
17296
9265
17878
19915
4517
14066
11180
14509
9482
16702
10848
14219
759
8902
17886
17228
14920
2982
7161
17219
6623
14278
7691
898
15968
6364
15229
1824
9536
13054
9011
12615
5129
14635
8827
6116
14466
13434
16165
10627
1244
4745
206
5280
4913
11311
7634
7435
15631
17847
11242
10187
631
8969
13279
12436
18947
7513
14843
3871
5779
14156
7839
8637
17067
4428
5894
2566
3967
4068
1208
18305
6291
5433
16611
5509
17038
7046
3792
13451
14651
5614
15619
1107
15286
6605
5470
16803
10664
4738
8953
7711
15390
17137
15634
8682
4863
17563
16438
9896
10419
8245
230
19622
4054
5374
4786
10499
9151
1295
12574
2487
267
1180
13138
11412
7240
18336
10331
1857
8265
9859
15014
12516
7690
18249
2184
9887
8301
7563
338
18791
8713
16540
3887
14467
7693
7151
1429
5805
11536
9513
4550
10020
11830
9610
19521
12020
15517
9160
769
6163
4306
19710
18191
8010
19500
11740
3760
11560
5810
5064
19217
8781
15550
5716
3125
10924
20009
18665
11083
14776
17937
2102
9321
17431
2149
15360
613
479
7683
7070
8638
19694
5132
6090
11880
12318
10304
14335
11874
10592
295
10423
11720
11723
16381
13032
9791
3426
255
239
9133
12827
14523
3927
3682
17919
6584
19098
10508
4729
11267
13696
1624
18727
12078
2202
1436
4463
8281
9411
18677
11025
17328
7311
2798
6594
5672
4299
14001
11064
7606
6263
18798
5645
9083
14777
3294
7253
3141
1210
1906
8200
13784
19650
7816
6929
1588
14917
12229
130
1804
7220
11539
18450
13718
5454
18760
10680
1334
18013
7612
19879
5342
12395
17811
6972
7701
7385
700
2398
7334
4657
13529
17939
7277
13744
12608
15989
16658
13203
2279
7241
14726
15759
16586
829
12561
15297
10105
4993
19133
3002
11418
11950
4284
17092
14240
8353
10999
7671
8083
10248
4964
12579
419
7857
19669
5962
3653
14168
10083
18865
6949
16444
10231
1610
5782
16033
7305
12153
10647
6376
2489
8170
6866
17142
1970
9028
16315
2403
11854
16197
177
16795
6356
17825
14879
14235
16397
141
5543
10250
1752
5348
17547
17077
4910
1811
3858
2052
12005
4721
12712
6722
13941
16618
19342
18155
1062
60
4405
364
4269
1877
16507
6240
16303
17947
1586
17840
53
12138
18881
13233
4981
6559
1558
8144
9198
7801
17523
2634
5206
1942
15825
19761
16000
19961
85
6201
5980
7520
17206
16602
15069
10965
14748
3604
19358
1762
5583
13225
4453
5550
6496
17487
14048
10488
4833
9124
7002
1103
14076
4644
14311
4827
6063
1397
4145
14607
19918
1622
7491
12092
16002
6131
9250
19730
11714
4540
13611
16340
4748
16726
5497
3818
1729
19288
10707
9704
11719
7978
11748
12858
17724
6680
321
17794
19924
939
124
8933
16676
8423
19534
8789
2434
16738
18999
2856
3480
12439
7970
4972
12091
17264
2261
18354
1763
18846
4586
19809
3248
18162
2007
15337
2696
19041
11820
6374
19624
2778
16424
532
4597
5737
5578
10326
2225
9838
8964
18128
17037
1683
19569
10417
8729
11627
7649
6785
15316
4558
13970
6843
16466
6058
965
6305
14011
17033
7285
6256
17397
6036
15642
1137
844
6783
18492
289
14057
17424
2629
2150
2826
13390
1330
8601
260
11385
8054
5142
6911
3985
123
12051
17331
2827
13388
16322
491
2488
2877
9894
10047
4626
12840
10948
6541
10106
17725
17491
13112
10074
3198
18077
3520
7587
2516
18462
2029
3019
6218
13549
9726
8031
15737
13082
2673
12910
6991
6130
5981
2269
19851
1203
2919
422
15687
11519
4596
16782
4413
5655
15411
6073
13782
9274
11924
10323
257
11715
11572
2755
13480
20013
11570
14398
18510
1457
411
16145
8136
7436
19339
14881
1728
10146
66
18438
1814
189
1016
15424
696
19387
6881
8823
12870
331
1874
8264
11231
1163
98
17007
18272
4949
16336
10170
6468
5063
5101
10702
1470
13047
993
7125
3971
5757
1087
9907
8852
5071
11406
1530
3299
13011
19118
15204
5928
6761
1281
8446
11457
3387
18071
2330
12261
5807
14645
19943
6466
14114
3430
4844
10539
39
1202
19948
4359
7295
7521
7162
11971
9342
5741
4947
1921
3992
979
3821
6410
4368
17446
4601
8409
11598
11996
1998
4185
15704
386
19003
12990
10486
10704
3923
18493
1528
8924
16243
6997
16958
6688
11087
4493
3071
2616
9296
88
18183
8646
2914
3983
757
12607
17167
14469
726
1512
1956
16291
13847
13940
8329
16512
1775
318
12528
14456
18573
9952
15956
2947
17472
1317
6485
12660
13310
5748
15806
16527
8897
13622
1607
13509
3104
11887
4501
16415
14951
731
17166
16811
9076
1076
7344
8138
4388
2548
16730
17221
18702
5689
5776
3514
3005
1884
5739
6845
12850
19099
2888
8292
18647
588
4267
13546
425
8384
1065
16312
13019
1614
14320
1213
6377
11911
12744
7249
933
7886
9661
8201
13504
12631
18378
51
7938
16578
12772
1838
7168
17674
6434
4556
611
19863
9900
602
1778
895
18589
5791
15650
11050
871
17299
1886
3416
2957
19945
1146
830
7603
9336
12751
14654
1282
5272
8761
3513
16868
17260
5506
5343
7397
1338
11377
18768
6524
4396
15386
18037
1358
1209
865
9571
4358
6603
15992
17232
7357
1519
5906
12487
12026
4551
7052
18223
8697
1827
5767
11951
13351
9305
6732
2186
6490
15385
427
1390
14747
111
6049
6457
6981
1073
6500
17459
1331
6046
6820
8352
112
8546
8952
11270
16048
10731
17842
14198
19866
3143
10507
7003
8692
15133
19833
3515
8081
9253
10581
17001
7763
19793
6810
12404
2040
18263
5819
2764
13487
16517
2622
8358
12063
3368
3541
13850
13075
6378
8040
4159
3957
17891
16376
7230
13871
16652
785
6281
11053
9309
16231
4532
18206
8589
14743
19984
19335
10854
14694
5269
9184
13329
3040
14717
1666
6952
8773
19180
3463
15605
15971
178
11474
311
14132
17304
19083
18068
3162
12069
6996
18185
745
12406
16785
310
5498
5533
13682
19415
15770
8023
4292
8887
6581
9421
9233
16374
983
1094
8501
1979
10919
5646
16813
1342
15336
14356
17061
18311
6184
9061
349
4849
15395
3016
18490
14162
601
12814
4955
15313
651
16647
7726
7875
915
17929
15126
1444
3046
17104
4130
10109
8073
17963
1889
10168
5836
19977
4
10402
7214
16268
3146
5922
4017
16323
2382
9395
1112
18724
12508
5517
5103
4766
19926
5126
376
13156
8599
15995
12288
6087
2111
19199
14371
5712
14757
5471
18588
19343
7064
16727
6277
16701
5323
1971
10793
14181
13688
330
418
2383
6639
5634
5373
17480
1326
7868
2390
5681
12699
13261
15000
18758
16110
19424
19453
9095
11621
11369
2198
999
8926
16817
1604
15259
1878
6353
18465
13939
10134
16277
907
18612
9202
80
5976
8867
9668
13022
18031
599
5078
8389
16591
6237
16684
8231
1121
7704
11544
7042
10594
9130
8693
6
11178
14388
18026
13167
9652
15476
10082
2265
13702
2141
8117
6455
7674
12678
9226
539
10538
5886
13907
10670
6372
5852
14867
18477
5489
1217
18851
8222
12613
8255
5629
10579
12479
15465
16959
4243
4826
17308
94
6808
16187
5905
16179
6057
10584
2595
11984
13958
17907
14620
14539
10217
1836
16027
6230
5660
4537
6982
5994
1131
9700
5652
15432
688
15799
6422
17218
12346
1482
12813
2647
10048
16276
18597
12182
12109
14295
11736
2507
1513
6298
13406
15159
7653
16259
18335
4505
3958
7976
10740
3674
14259
17624
7560
3085
13092
17085
13140
7454
7907
428
10805
4881
3517
8202
2328
18253
16736
8276
11750
789
14836
14786
16541
17428
16787
7500
17430
4121
16873
1012
12916
2370
8066
19826
6575
2432
8935
221
6479
6505
8380
967
1575
13753
18380
14576
5966
17360
8314
15217
4851
7662
4723
15018
11081
17157
11932
7818
1934
18397
6897
351
4978
987
5299
15700
3715
19707
6612
17090
1881
7605
14993
12023
6537
807
18814
5766
2533
10084
17930
3672
7842
15959
9686
17964
3184
8831
10892
1045
4959
7859
1895
1243
16043
6227
3042
4173
8000
3158
11834
2449
16040
1584
16332
19439
14871
9883
6855
1463
6518
17017
15572
16760
2847
9983
11341
7804
570
7274
14729
4476
19760
4205
476
689
110
8013
1464
18216
15578
6632
3852
4541
4065
9246
3736
6169
837
17821
9489
3589
5314
18313
19149
6411
9936
4681
10276
593
5788
128
19505
2414
800
14725
14797
6189
13024
7466
9519
950
2291
8199
16111
1570
15805
2429
10027
3801
3918
16005
9627
6601
18989
15208
5235
12111
6765
134
5604
7343
7685
8368
1047
8129
6270
15857
4432
7395
16430
7598
16451
74
7380
19089
1868
3039
12113
7592
7751
7358
3712
8463
3283
906
17943
18849
1919
15537
14261
7968
7647
550
19876
17398
4654
162
15348
1360
11737
11137
2195
2846
154
4325
2509
13763
561
4375
4889
9143
4527
18472
15246
5888
15157
1120
17944
16214
5463
3413
3014
905
8038
4885
1579
14597
14721
7749
3847
3129
14632
8112
12622
11732
14824
19617
12143
6976
7473
18876
19942
1711
5513
3057
17141
14419
2639
832
17925
6591
4486
19529
17011
8089
4084
4948
15887
5840
17898
5522
16330
5218
2539
667
65
11079
8442
17587
3741
8456
8078
1564
5159
8082
19717
5048
3940
9715
7011
703
16194
15343
16975
9289
17419
1315
5931
8809
15104
16380
16862
286
5524
285
862
15118
1195
4679
8788
7939
8367
16484
7409
500
17550
17497
7327
8364
5460
6572
4217
118
7189
15778
4855
18321
18469
76
4928
15847
14821
5768
16174
367
15132
4037
19122
3920
1387
11298
9423
6433
17723
17185
14268
6727
15670
14936
8262
5680
9977
17568
3711
18365
15604
6109
15352
13029
3826
3429
16788
19302
18064
174
5450
992
7321
12617
14674
19195
10410
4200
17439
18400
14329
19473
9314
4064
529
16324
35
7017
19572
9223
18359
9080
3343
447
4139
14497
15083
16819
16814
1613
17578
11414
1840
4077
9997
14613
17259
1551
7878
2056
3348
8849
17181
12469
3214
18633
16820
2699
379
14703
3306
7098
13755
15928
14850
14710
15675
8075
17935
542
3994
3065
415
7765
1303
11505
14653
13641
8980
17223
15546
18283
12228
6384
10148
13350
1412
16876
3414
17945
4326
15477
17711
296
8238
19383
6381
777
7293
16131
1447
6228
2776
9853
14423
5785
16778
10502
784
16557
2958
3640
10708
187
14013
19950
18047
17956
699
16065
19090
3167
8572
3789
7849
1481
1285
15674
3149
18448
12729
9052
4950
15454
15394
14854
10556
1822
445
19672
8350
7544
6789
12421
19499
2917
5826
13934
16829
5573
11680
4706
17835
19681
18420
9155
6056
7073
580
14937
8188
17192
292
17229
17805
16411
18713
9166
4516
7678
9018
3701
12108
3744
3954
355
18298
7571
14684
619
17429
4687
2714
19999
8596
2889
15178
16797
17676
12126
18622
8984
18527
1911
6190
4796
2834
18291
7752
7986
11640
18464
14
5337
17715
244
13805
6679
18834
8070
16090
3370
10380
8747
7122
18649
3919
1129
3253
16842
9988
9245
8549
18850
16195
465
13141
9119
16809
6178
1533
12760
18199
860
17179
7611
19219
2063
7949
19668
7767
2568
5649
4066
4901
16468
8948
6367
644
6794
61
6333
2624
10785
3536
9575
9505
1275
19410
2603
17573
1751
17180
16074
4107
16627
19532
8570
3833
3618
4778
9897
2413
3569
1914
8960
15991
13093
19472
17461
2213
1611
704
15197
4313
4468
11
6076
17788
4664
3996
1423
8375
6643
5953
17105
18563
16355
4770
8921
5256
11446
8254
18546
8922
305
18821
4122
15361
4777
14838
12572
17043
5045
524
14733
1596
12929
10
8936
15762
1968
9362
6536
19890
11151
16679
13628
18855
15993
6296
1430
3173
214
18725
14492
8229
14792
2713
1237
15080
11254
9064
13175
19919
147
4668
15210
17984
18413
1156
9236
18171
17200
4543
6379
934
17414
4352
2484
11644
5531
8005
17310
1887
2572
17623
5393
7452
14834
742
10898
15150
8795
3359
17996
8263
16126
6234
12187
3244
3438
15038
2815
16953
16577
11470
7177
16283
17863
14909
13520
18262
15727
117
3763
19289
3673
432
3828
4446
10121
5435
7370
5042
3815
19024
4280
5625
9414
17249
10547
441
11080
8855
3625
17341
576
4049
764
16984
919
9537
8471
15225
19411
18738
69
18707
8597
5424
14409
11397
2543
10923
5602
4685
17529
6720
17412
9360
4868
14639
2059
5190
1646
18698
10794
8871
1375
2164
18624
6736
9122
1428
2745
6551
5043
1556
3827
8440
1629
8840
8223
16617
10977
645
7740
3055
2399
9713
7029
16298
17026
8162
3905
1477
19604
18129
8391
2438
12097
1876
18736
12227
6747
2341
4387
3322
16314
15284
6404
8658
4806
18944
4508
12690
11322
13342
1852
14555
9254
6884
14433
7036
1185
19913
1043
8744
1126
6391
586
10844
9468
2753
15739
7068
104
13474
8476
15293
5099
18198
6862
1655
10661
2528
18641
4331
959
11541
16447
1650
2482
1175
1485
4961
13481
5207
12902
18952
5515
16991
13211
14364
4220
653
15963
14897
1399
2355
8291
3382
990
4742
7183
19549
276
19468
16741
19318
1021
17961
18576
14322
14798
1618
823
1850
3303
16432
4414
15113
16492
11643
6984
15753
3004
5429
15048
8732
1206
18587
3823
5907
6053
15576
1731
3440
16775
14973
434
485
13873
12662
20
2789
12132
2839
10382
18412
8498
5883
1272
16714
7229
11169
5778
9261
15327
97
254
751
14195
9217
12704
6272
4951
17149
461
12495
4632
16603
5035
16326
3352
17094
6821
1894
15911
9950
15441
5982
19456
12884
5176
16433
1455
5335
2446
16754
900
4966
10008
6221
8532
19228
498
17883
18416
4666
11651
4563
3335
426
11829
19886
8899
14765
19426
2937
17421
6933
13113
6599
16804
17078
9256
16671
12633
13088
17700
4224
3434
1869
18792
17129
1194
8909
13508
6194
8882
18682
7525
659
9523
2597
12841
2110
14874
13110
4836
2314
18615
5965
15439
4010
5115
7597
19875
8016
707
6279
27
9036
4435
15882
8496
1823
12606
16359
14565
5305
390
4744
15061
18620
13841
14138
6247
1847
8060
908
7860
13370
18867
4380
3017
15452
5168
835
5670
12752
5279
5425
1567
13353
17018
8853
17712
17433
8194
14666
8723
5862
12209
2108
16818
3489
1905
268
17754
114
18399
16171
17559
4662
19173
19398
19714
7172
10637
3241
5383
6070
11987
16983
8890
5656
543
6544
18750
6924
1427
18063
16369
2290
6757
13607
13192
531
15539
2513
6580
6666
16612
10295
1398
6242
557
19367
11596
1442
1115
782
2070
14831
1785
2105
5094
12553
16476
7194
5867
7710
11716
19496
10801
10432
9173
15832
3342
1085
1046
7188
15021
18245
519
5616
17743
19382
2813
1420
7790
2224
7045
14752
19307
7835
18027
4542
11540
1900
12954
4074
4628
17759
6809
18236
6041
7766
18368
1675
12480
3074
471
16907
2157
617
1580
6029
19993
13833
3215
10506
11995
14113
841
19731
1923
9352
16504
19140
11026
16781
11578
8032
5699
8212
18366
15123
12265
8548
18190
7088
12951
10361
15468
6346
19962
9744
2896
14612
18765
16350
5236
1132
5997
10944
1424
18052
1608
20007
5557
8896
9433
3684
7339
831
4873
16185
1059
17923
9770
1402
2143
15261
8999
8533
2949
4342
5032
16948
1029
6645
13299
1385
10672
18862
7175
9688
13648
6558
16798
13100
982
18800
18247
2043
7637
8068
13143
6901
1617
7569
11991
15978
2909
13896
1722
8451
5092
19843
14437
14796
14053
3026
11512
5264
3627
5404
951
9765
16362
7419
4752
17697
15714
6351
842
7885
16153
14207
17322
2929
5564
15925
11517
3259
17394
9438
5983
12129
19233
2098
19249
9736
4378
7417
3169
15574
9947
19727
1531
14547
5659
19696
9156
6072
13206
7309
11468
10396
3230
13262
6273
3951
19284
15905
8433
17384
4801
18230
19492
19889
8996
18076
17238
14491
7512
4794
1054
19820
17799
186
815
1223
14851
7398
15935
2061
143
5258
9430
19517
19812
5937
19550
10973
11535
6432
7669
12161
8813
7713
13774
3176
455
3956
11529
8661
1718
6973
2375
6493
3443
7351
2335
8186
8064
17454
902
19274
4776
17152
366
8735
1602
18970
17977
19772
1916
3406
6647
5540
5552
8011
7823
8407
6800
2730
6079
1347
12812
1733
2153
2806
17698
2197
7533
4040
694
802
1725
9979
16722
3218
12551
16935
970
2801
3656
8561
15438
3108
10332
133
3606
17916
1761
721
2604
16573
18014
16838
3093
7916
3695
4314
5920
18102
7256
3116
1215
6258
16331
7026
9396
16461
282
10428
19537
1386
4512
5668
14642
12394
5116
12830
17675
11909
229
16609
1474
5502
17400
6880
18954
7247
2577
14740
5472
3535
19091
17214
18174
8108
16767
17273
307
6740
1236
19767
13993
13014
4779
3969
16563
5558
8736
17730
15723
3288
15322
4020
1516
7748
12785
299
13552
15582
9210
7733
8763
3347
19576
17646
880
9022
8027
7018
3152
5462
14722
8460
15275
7080
2501
14510
3050
3103
7896
7617
15149
6646
6548
14823
3094
19058
12222
13637
7095
1405
14279
14501
9714
19220
6962
12533
4886
17580
19028
5943
7783
762
7369
17694
7754
16196
12162
4939
9815
14952
824
7399
1803
3528
4103
9451
866
12037
3034
1812
18977
7019
5220
13551
8884
13080
18265
13218
1833
17479
10478
5140
1784
15185
18202
1294
7697
14395
11185
18322
18357
16606
7568
8975
3669
1739
14614
2767
15198
10475
2319
6598
11093
11514
3808
7120
6983
5811
4985
12391
547
17560
15912
3843
4421
889
12131
5780
18241
6814
1111
4364
15032
10961
4112
1072
12178
4887
5615
18034
19390
6514
8798
81
3006
15058
18847
1106
8762
6543
7511
19165
1721
9005
6159
16227
270
16875
19036
10330
16284
16999
5327
20002
5468
13270
14648
3041
6409
16763
19992
18997
15967
18980
19986
9102
11162
4160
14954
15598
1958
19306
19402
12810
11513
454
19515
9355
5510
18343
5520
12982
9114
15486
7289
15673
18805
1258
2999
11806
19048
9146
8474
15295
470
1068
14218
3500
17893
4179
5755
8864
702
19979
3720
8271
10967
6943
1892
11706
11698
4510
2408
14622
1078
16810
740
4892
8288
15282
5639
9824
3010
7248
7117
2354
10446
18701
12279
19744
17281
17953
15323
6111
2691
5003
6957
9268
18182
3830
4116
17837
16023
19536
15620
17034
14243
16926
3864
1920
18149
1950
9196
18179
6316
15437
6185
712
7615
2989
1985
17914
9403
18811
8512
2144
2961
17782
14691
18524
975
17372
14903
18715
13568
9601
6300
7509
13818
1790
13123
8586
8977
14323
14366
7112
2381
10778
13562
8421
18121
14556
14591
3118
2455
9059
16307
17544
8598
1851
14712
12978
9353
6904
13519
14020
9666
317
2283
8943
16914
14967
1747
11849
1972
7263
4498
13620
4899
16106
3468
15921
848
19763
284
1035
5334
8408
19112
195
17358
19511
606
18353
15899
1652
14538
17189
16546
4177
1216
339
6659
5185
16064
15515
444
15406
17748
18231
10978
1829
14073
17337
1389
16360
16077
650
5594
19365
7086
11350
2161
14081
8876
14658
9387
495
2959
8696
15773
19138
6892
9651
7983
4652
7440
2014
1229
16598
19526
6354
9693
5658
14342
3538
14546
16242
2091
18140
19341
5927
5825
15751
16044
14128
1133
10852
5290
8862
9492
17143
6516
11765
7951
822
15212
300
2060
7923
17021
17244
15929
8077
8183
6390
3464
7584
2038
8685
11563
18955
8293
8760
19497
472
565
8114
16489
10754
12196
16498
1524
14693
11117
1781
7830
91
14348
6024
5641
12214
4072
12921
12747
851
4529
9100
8912
7853
2427
5184
10564
4496
14979
17323
4749
19560
2112
5910
15237
7813
16660
17558
6616
5990
5157
7432
6408
10124
972
8524
17566
18150
985
8859
1392
1382
8074
15081
6926
3284
6054
13831
17915
3506
122
17517
1649
6751
14628
4161
308
17685
16565
7007
7145
11554
4692
19944
7996
1143
10531
10014
16356
281
10607
14916
15861
18621
4075
6684
16273
13200
7377
1001
6343
14706
18447
18525
16082
7722
13147
1388
9278
17620
6267
6515
9222
1212
7788
8283
15068
1374
9303
16495
15666
10352
4573
9969
5244
12680
14878
18696
11547
14898
14381
15802
15137
15416
16014
6439
3845
17843
17718
18565
11255
582
5418
17663
13667
16150
13842
18151
15232
5677
13376
4367
12266
608
8544
8284
4715
6950
17899
2245
7645
13664
4518
17490
3247
48
3884
8087
1488
20001
1014
8946
3023
18503
9512
17836
1465
19085
2723
1204
15188
9332
15358
10399
1110
8058
19635
7510
12905
16329
327
8769
8439
12944
5796
6611
7453
2615
6807
2203
1101
17841
17967
9745
6339
2864
6052
938
14406
16354
1426
6986
9568
19695
18691
9357
4894
2242
2465
19088
14594
18983
7503
8305
1907
7998
7865
14147
2788
15096
15299
2137
4459
1088
6074
19840
17765
969
17941
7138
218
3931
17828
19395
8868
371
16607
14521
19795
1290
13738
7779
19631
14465
7048
4614
7900
4523
18067
5851
19821
18547
12943
10211
1381
14022
8664
19428
14923
17205
953
10197
1473
1165
14742
8172
3260
17097
4353
18720
17220
1033
357
6637
1498
19245
2208
4123
16132
12369
5137
19368
10086
14504
7993
7335
1176
14802
12009
4452
16417
2892
8332
2485
1969
16807
3968
15958
9643
19434
1542
5648
878
6635
10189
12904
11858
4599
15884
1011
4698
19501
2682
8215
18902
10411
5208
6535
19079
7863
8462
513
9918
1806
6528
1603
8420
14889
16850
18019
15849
9238
6369
15626
19056
4861
3111
3742
3755
4588
1910
3495
4436
1408
15544
9069
18502
7721
12268
16473
6176
6741
16218
652
3007
12968
18646
15485
2526
19161
11503
44
16337
4704
1079
4722
2500
208
573
8606
9140
7101
16394
251
648
16870
15222
14245
12189
7836
974
4747
6312
12167
14531
18770
6871
4285
6848
12800
11317
7423
14929
8791
3105
8294
10824
9135
6382
14458
1597
5249
7312
11098
18602
10279
1765
17684
11826
16793
9361
8012
6721
1808
19189
0
1287
2851
12070
15332
15443
3762
7831
17417
6299
15206
7894
14431
1263
13482
18718
9088
17938
19578
16715
12867
313
18136
18711
2520
424
1743
15701
9282
19587
8418
19222
18570
1694
8477
12205
3752
6095
15506
15853
13610
11479
17378
7665
16006
7991
11111
4864
2759
4282
1274
13251
2206
16203
6287
2139
8923
6151
2612
17852
2444
17287
17751
16372
13758
19703
15303
16725
17079
8934
11958
5439
4567
17819
7565
3311
18237
5925
13845
1963
15223
11934
18869
5493
17661
17060
683
8941
8808
558
13371
12935
4440
18522
2311
19480
17607
6319
8895
2912
20003
12329
6445
6759
18443
9089
16882
9687
7012
18887
1937
17102
2385
8153
5308
234
1479
3568
15141
2160
14888
12983
8045
11940
7231
266
8900
9940
3315
15134
3577
18672
18225
1776
16980
12066
2887
16488
18953
15251
15941
2339
3933
12217
5049
8654
5975
6067
12753
13458
7232
17876
1994
8355
5215
50
9864
7276
1798
1128
15865
1554
5777
6120
18722
2166
475
16051
13378
3592
1122
2646
14662
9696
19258
7389
3947
6292
16630
15273
5783
3910
19556
19846
17110
12811
18440
3880
2618
287
5376
2001
14633
7633
7546
4716
3962
7239
1553
15344
14587
2366
70
1978
4952
17418
1219
16764
9929
6051
16511
2985
13499
3788
5066
14421
6465
1657
14861
3885
2748
1539
2243
9431
17940
15505
18342
14825
3790
8041
2030
15450
12121
166
4201
18890
18498
9266
19600
11590
16138
8371
18277
4943
7021
17668
14605
7914
14514
8399
7755
17
2447
17132
5765
16456
9056
8043
17888
10433
11822
1241
19640
14269
32
16538
5611
7100
4434
4689
2051
3011
7846
14930
3235
8861
1201
15267
7585
19857
19514
9079
2747
14441
18093
12280
6344
9134
15638
2257
8511
7381
925
8531
12883
18215
9677
5988
4339
6402
7062
867
5438
5346
15092
7478
929
13670
2821
1932
5131
7887
679
7735
7596
3373
9154
5866
17254
16400
4328
6631
8715
776
17024
19391
2945
17247
15404
18327
8510
796
277
19364
1218
6738
16686
5859
14211
18830
14517
11814
6025
18240
8973
5763
5013
553
9153
107
6331
544
10359
6086
17539
6092
18211
9012
7129
9203
7075
11613
7872
4334
18593
14828
19319
19562
8554
875
13046
12835
16049
13808
14696
18921
3272
16514
7904
7092
10614
1885
5217
7001
19627
4759
17774
15371
9397
13393
9813
16910
15575
18466
5416
9165
13083
1846
1948
4878
6930
6670
6352
5107
13594
5707
5559
15194
958
2423
8602
5828
5847
592
2768
4290
6034
7536
15987
7472
3265
6936
19213
256
2984
13788
19674
6268
15153
16166
5444
19671
4958
16749
7173
18931
315
127
10440
8493
2653
1754
19372
7416
11819
2579
8106
9616
12507
9556
9574
2873
15707
18514
17733
14007
1007
9071
1867
5329
14756
14919
8600
17860
18746
11509
8665
19643
624
1230
10831
5674
13544
9205
17209
15024
16967
6993
17199
17389
8962
18
8695
1254
17861
18338
4764
2561
609
1780
1826
11189
12563
10572
4153
7153
13772
9898
148
2285
1345
3374
17406
12532
19834
1056
14199
12795
5875
3850
2231
2512
11174
18424
5238
17091
6167
4466
7421
15898
4096
6562
17300
10510
10550
16463
9170
11835
9816
18972
14602
17901
10947
17368
6494
16515
666
6192
2848
15041
5760
1276
5216
1915
12585
17046
11127
11686
748
3424
11655
13039
1875
1982
2643
7489
6739
3617
15918
8621
17512
5832
4682
6954
2833
19332
3058
247
942
2077
2654
1495
18274
13997
581
15065
6662
484
2441
12705
9529
15697
9103
14382
4504
14425
14997
16216
12233
8710
6828
14275
5448
4663
14098
663
14106
15979
4283
15938
1266
359
1484
3928
2976
1172
8097
8851
9351
14790
13535
19470
6085
3766
1569
8198
3614
5813
19145
3245
10570
1724
17317
713
13938
15998
5248
1500
18417
1809
354
3576
18771
781
2648
9428
15943
6776
18499
9510
7325
19798
9995
19786
19423
469
7338
7523
6852
5010
16068
15234
10573
12650
10198
10333
5007
2996
3175
15804
8630
15301
2192
10111
8555
115
13625
7738
17074
7094
2045
11726
15442
12325
9398
1448
1019
3756
7308
13959
936
8792
18125
5473
1118
8636
3665
1864
14038
18781
16593
14978
8297
370
325
3277
8154
13778
13055
7384
13823
1040
18351
1305
385
3598
18381
4834
18991
1
5944
5662
8099
18193
7614
7020
9097
6004
4014
4922
12444
16272
13172
18069
7336
395
12104
16636
5511
682
18214
17086
4039
3713
14868
5347
3503
18981
1928
4361
3737
15573
1325
14652
10835
19721
11334
14840
19127
15098
2720
1435
17570
17069
18686
11280
18618
6135
18289
17999
13401
1797
16349
18295
4857
819
5731
9706
8434
18391
11922
13362
3621
1174
4384
14125
19874
1805
14484
3297
9402
3671
9591
3454
12790
1343
10542
4665
15055
2926
17371
19946
857
1467
1699
14701
10060
11861
12725
15276
17161
8751
15359
6232
3570
16922
17016
3491
17621
14781
6174
16835
15722
17793
8875
1525
883
7159
9359
5678
90
17243
12844
14297
5301
17054
19883
13516
10860
16390
4132
14493
8182
665
10881
19757
20004
5325
4583
7656
5363
15255
5895
17551
16233
8700
9138
7063
4239
7550
15551
13630
1926
12250
17234
19553
11338
119
12060
15475
9041
14452
2560
7134
16533
14883
5991
14383
11935
16099
19478
16139
6527
14420
8
4219
4443
5752
3732
10834
14289
2364
3903
14853
4580
6786
735
9540
1816
943
2944
15603
5059
14842
2811
14290
15731
804
12756
18100
2299
19811
5728
216
19461
16783
1070
4602
17903
14760
15480
15758
17481
9377
1759
8140
8150
18099
164
11234
3025
19393
9369
5873
16880
15368
8072
18982
16615
5344
729
1177
14664
6600
8412
18657
17645
16917
8552
19351
4162
19418
1595
13612
3870
5134
13417
2532
13773
17379
6370
19968
11247
16226
16215
2436
343
6627
3388
5324
6853
6885
18536
15290
6796
4691
15835
168
205
17739
13517
2250
3001
3718
18594
15036
13786
18132
3012
16934
19483
15283
818
9317
8919
1245
8149
5288
12716
6682
18766
213
14386
13779
930
17954
6084
17101
12518
12497
19431
5713
1760
17834
19909
18009
10960
8373
17781
11837
8702
792
3131
2740
12544
13188
7118
1445
13543
14983
19455
11942
11635
8610
17309
105
533
15711
8838
817
9259
6744
10345
15019
18392
5837
3731
483
14434
18254
8774
6554
7155
8505
18401
7424
1401
5706
12775
19035
9420
5666
3993
9547
19025
3666
893
2837
13074
12708
10609
11978
6694
15703
2021
962
18788
9486
2425
16969
7049
15874
8821
5667
18419
8484
1693
2614
2024
13876
19856
16978
11490
17494
8311
17687
380
8726
14339
18363
17290
18045
16806
15819
16237
750
2219
3973
17186
6619
4211
17631
3774
1005
7402
4365
600
11494
9273
10667
635
6790
18028
14516
9087
14488
14864
7000
1658
12425
223
9229
8839
6014
4445
352
13471
15285
876
12779
2508
3423
1169
5729
12891
4332
17365
11229
11145
19706
4137
7954
17134
459
17849
1682
4546
4041
7882
19749
1316
9019
14887
11048
12099
15228
899
1462
2875
1431
2278
1813
9753
18476
16859
4197
2817
7004
18267
11892
17089
13176
17728
541
6827
106
16030
16181
18453
8275
17204
18163
14503
1357
2765
19564
279
4104
3308
16270
10527
100
10374
16642
8925
1861
18119
2037
4154
16802
5770
3866
17959
7288
9230
19661
18431
191
160
14341
5180
263
11975
7515
15661
9746
6301
7851
14197
1537
13835
758
2120
5037
2345
10116
1181
724
8779
17071
18598
4320
14552
7708
16961
11294
8428
2087
16382
2807
10176
87
16338
16757
7259
4192
7077
8079
8872
18005
3351
6380
1312
2416
7449
8225
955
7984
1997
6330
1239
82
18891
2453
18279
8507
7415
4699
15779
4016
9072
15288
17495
19047
8818
12160
13191
1196
6508
1158
15774
4814
2546
5751
2903
1327
1396
4578
19330
8757
8580
18252
6055
2550
8594
15220
14180
3051
19279
13079
1074
17427
1912
16518
3161
2514
8728
17503
1097
2906
197
18406
19009
9440
13721
46
7106
11561
15062
3195
14169
3616
12697
1767
10046
18474
503
4574
6222
18108
19988
10645
5884
3562
18528
6042
8052
15463
18741
6560
15693
7371
6153
1354
5223
14097
7201
17859
18017
11276
219
6205
13455
3726
16418
7929
18439
2147
19280
7061
4455
10807
9541
18501
11312
8565
4732
1168
14070
6963
1278
13410
7639
15683
1164
15948
9790
7252
932
6397
17511
8811
494
13659
19705
1372
4929
1247
3571
8918
18224
18089
17769
16379
5061
1309
7180
6806
16574
12414
1546
18679
13339
3098
4916
2939
20015
17699
6166
201
1703
7687
3402
10871
120
1965
18375
8048
15340
14123
8990
10733
5112
5330
18592
19939
1443
7943
3062
1918
52
2804
12959
19394
17738
1159
5179
19983
1298
2402
17083
14815
17858
6913
864
109
14848
6717
6686
2992
4321
194
1144
680
18916
2651
1378
2018
2792
245
6373
13416
15269
14028
3080
17176
11679
492
16728
15624
7251
17144
14524
3312
11691
7493
15325
6062
12848
5349
17449
1555
3364
16031
1521
12794
16675
8214
1277
15888
1534
11114
1518
6430
1674
5519
8820
9186
8557
11340
12603
1891
2376
4769
6342
204
4171
19582
7034
5247
156
19015
9794
19324
19967
2836
19373
18489
8110
18783
12711
16624
19964
16017
8277
7127
185
13391
16823
11213
6093
5843
15902
7376
8176
2349
11899
16599
15414
4250
8324
7561
12565
1545
13932
12409
16985
1865
2288
15621
3560
16614
2462
19975
16683
14105
19520
19922
9177
6798
13982
1084
14732
5350
11886
15766
6526
5018
6420
16339
4584
9016
9390
6756
986
7737
14856
9032
4441
3512
5651
12036
1170
5382
2780
7820
14728
7703
6758
18567
2176
9344
2230
2310
18778
4317
5317
11594
17032
4127
16046
11708
1487
16979
1888
16251
3068
17453
17390
5085
2965
12750
8506
3114
3895
8378
16904
825
16896
4669
1732
17369
18755
3380
505
2251
3819
10931
1559
14727
6502
19693
8841
2987
15533
5815
17952
15974
16406
13263
14533
1634
4170
1093
14436
19917
834
4076
16423
14390
15602
14698
252
1708
16759
6366
620
4545
19525
15447
20005
19177
741
18232
11904
9216
19196
3798
8846
8537
19700
17660
10979
9958
13636
337
6438
4051
5039
142
5110
16103
2212
18302
12452
2280
19006
3753
2048
7913
1709
4259
8403
19336
8435
2369
1363
9834
19656
16212
1831
1770
3635
16334
9057
753
440
1577
19292
5631
15841
13541
7297
4400
10889
3325
9193
6878
11134
6288
14749
4419
4697
7014
18599
15059
15341
6043
5481
10348
11850
7789
8829
15521
19813
3700
9227
502
5572
19697
9040
910
11061
17957
6328
13317
19109
333
913
14410
14948
16943
16827
5771
16744
8426
18637
8587
18990
14921
874
17208
10129
5872
225
8260
4494
1469
12354
2351
5170
18288
13854
12201
16664
1310
13711
324
9840
15669
2991
17616
14650
1663
10252
18164
10463
19073
1450
1081
15030
13743
9037
17068
11692
11192
2177
15280
10894
9391
3327
18671
7067
2259
15025
17904
8913
1574
6745
5177
2857
9515
11031
11164
11729
2993
17382
8402
6522
8844
2907
1772
9930
12028
2537
1086
4674
17147
4829
9992
18246
11772
9147
12758
8224
12120
4223
5624
14349
6021
7053
19277
7877
19865
19097
7163
18049
83
7066
8046
5201
18306
14943
11273
6609
18345
10830
12427
14947
11416
4879
7610
1067
1256
3246
6149
15725
12643
1368
9943
5679
4795
9588
16109
3574
2479
5950
15840
19614
17987
8667
4780
3365
12226
17649
10013
3929
15768
10169
17359
1422
1099
12668
5717
7945
15744
2353
7082
96
11584
4327
2752
17713
14617
5887
2342
5421
17889
1369
18176
2481
16534
8752
3998
16597
3350
17163
7135
11952
4595
8193
16650
2338
11793
7099
3389
1856
12465
7429
16175
13514
10199
7924
16721
5917
15380
2773
15105
4069
17465
8479
4080
2387
2951
4278
3725
9811
3081
2505
7942
18043
10497
19208
1841
16483
19606
4106
19223
15193
5414
5613
4762
17532
18900
5503
3228
9302
2325
14904
3286
5257
15319
6585
73
13621
3153
19658
15095
19244
15469
16768
8466
11379
18090
4639
16278
8562
6869
15868
14251
16710
8416
8096
18806
14953
10465
8648
17028
2227
5736
17618
4575
3485
18842
17606
16993
11361
17088
15493
11980
18860
18048
6703
13704
7328
17994
10613
14401
10784
16743
12807
15541
1755
19443
4549
16398
19194
16162
4057
8590
1023
19847
10675
6400
17531
4383
19051
8632
4031
8381
17909
15074
13347
4975
16280
14241
16119
6649
10347
11912
5020
12426
10216
7760
7977
19160
1983
1769
3015
2380
18161
12207
8966
77
14744
12287
3072
16784
3070
18748
17870
9378
14426
2803
2122
10251
18777
15449
9720
15869
10091
686
19504
14910
18395
12597
9096
15740
20010
8915
3526
19321
3650
11574
11268
3564
12882
7058
17326
2492
15777
16409
2097
6718
1480
15895
3768
14637
19682
13532
17404
3702
10632
12683
14739
1654
15264
572
4824
9258
4395
9880
17732
15949
17108
10857
2626
13790
10386
14542
13103
40
13254
13154
11133
14779
12393
5745
3490
7279
1552
19543
19154
3670
12892
16828
6708
19535
2638
2915
1367
12052
2650
8669
5118
2717
16772
2080
7056
1489
15158
15706
6199
2860
17272
19852
17634
2974
10783
14807
1075
1147
1532
8419
8931
11780
14822
4138
14545
6413
3135
2758
13252
1922
18987
5938
16186
3201
11278
5623
14404
18278
14393
6203
11063
8582
1810
18940
16347
16520
14041
14636
6854
3800
18745
75
17808
4995
16294
19421
7534
10557
6779
291
19482
2598
4212
14413
19429
701
12392
15271
14965
2927
14957
10782
14689
13268
12306
3913
1178
10280
17035
17918
18932
11650
3048
458
14351
10799
18740
12481
15029
16677
3878
14357
15122
9337
1619
2426
13741
14429
13073
13135
3857
11895
18948
6398
13644
3799
8475
11422
3704
6510
7081
2358
15791
10172
17305
7149
14687
6383
15500
19271
3591
17327
15405
1943
17894
19593
11326
612
15742
19269
19872
7624
4092
10725
16487
3981
17131
1712
13216
16325
3696
16962
14964
13404
17857
3372
3018
6683
3607
11915
15814
4502
9849
9802
7537
16343
15483
3601
15075
19301
3354
9382
18757
7776
3255
2498
2012
13446
15859
14638
13984
714
18131
15231
11316
15377
2825
4760
15558
12249
16370
10376
15848
4500
396
11608
17868
2790
13005
18316
15239
16200
6246
14688
3133
2963
1737
7843
8076
17665
4625
18644
17093
4053
3501
9290
9945
2032
8847
18143
4472
4823
19446
12521
19794
18961
15052
4969
11833
19509
3873
9129
8146
404
7833
7107
15514
3966
18457
7412
13469
15977
18808
16288
7306
1999
19732
19464
10823
16373
4552
19106
18915
2617
19938
16952
14809
15756
15364
6947
9179
9600
11702
11388
18038
6961
6990
17613
13658
2822
4912
13036
18387
9740
3805
16105
2726
14483
8316
17950
7131
7367
1006
488
1901
9535
19810
3719
3332
9176
2632
15335
271
8932
16144
2649
7150
18971
13860
17734
5475
16796
1109
15180
7481
17986
19281
4994
1503
18364
9023
6447
1952
4265
3317
13764
482
9526
12176
15481
14457
18189
19570
2496
7744
14060
16844
14955
845
18699
12956
15531
18957
16532
4038
4528
13367
3066
11372
4645
7764
19408
2545
18504
14877
1648
19214
11836
8103
22
7535
3232
11258
14683
13633
4293
5163
10483
6629
14907
7270
9508
18737
2324
18735
7714
15795
18801
14266
7979
15717
17493
16152
14378
11123
4181
16158
4128
18184
2865
19388
19779
9699
11039
17763
15649
4071
19190
3151
9748
14460
19605
15479
18124
11642
7499
4553
16399
9434
14343
8965
20016
3193
2666
8190
15594
11465
2558
12815
19783
7119
7202
4033
11945
3531
6951
18004
2262
19286
9116
2636
5630
6250
10690
13862
19880
11314
18835
2419
15300
11620
4940
7508
4758
15302
1221
12443
17169
2763
2536
917
17274
19816
18650
5638
1667
8362
19215
11436
6238
19181
19969
15908
12047
12743
6872
16028
7888
15054
17666
12076
19552
1679
17160
18963
18831
1753
11510
7739
7300
9810
8982
18484
2936
2172
1801
8127
3791
1959
3572
14447
14746
10045
15944
3565
19507
12912
9653
9276
3657
2901
10628
19462
19069
642
10220
5720
15191
19887
14202
15013
2574
18204
473
17892
2125
14805
18723
1996
19077
10190
13639
13459
7275
5319
17736
13253
12995
2163
9882
4592
14596
11342
16267
3269
5291
12375
17783
15879
14347
3952
1651
16460
2812
11297
2609
19598
7895
3138
13437
10265
18775
18919
2497
12112
7314
8327
5636
4190
4926
58
493
14529
11076
15652
14778
18324
17885
15072
5345
15145
10127
12952
5469
5052
17588
3362
7348
3802
18688
6689
12624
5589
16057
6553
16240
9826
6038
3432
17116
10454
12566
19940
14385
9993
1568
16254
12614
9308
17064
18103
17538
4618
16039
14963
16878
11747
17921
13781
420
7729
15699
6229
19300
19803
8805
19987
10218
16502
13874
11150
3795
12327
19555
2003
16805
19479
19002
15099
5364
1234
20022
4000
14830
11556
3449
14886
430
12478
1590
10325
18187
9587
1783
9617
3334
14832
16622
18658
8516
8449
12365
18483
15378
2966
18739
8870
9093
6097
2814
12596
4408
4376
14870
14975
19406
215
4485
14970
14987
19745
3851
15433
265
11916
13817
18836
17822
2451
15117
3643
14353
6879
1792
16682
10468
10316
19203
3075
18114
6529
19086
15110
7803
17005
17871
9457
16136
2046
6547
3964
4289
19176
16846
10328
11302
12737
18918
6822
15641
12594
17031
14603
14285
1966
15419
3714
18358
16408
2883
3170
19733
2312
4279
4846
13452
16619
9234
9239
14677
4002
14352
7476
2818
11405
12717
17286
5011
7054
18539
16746
1944
13202
18896
15613
3982
13542
3192
14623
16467
17072
12200
19792
5570
4604
3030
18030
6698
17726
16022
8335
11774
19354
16421
2327
3907
1896
15897
16758
14741
8015
4514
7724
12821
4369
5285
15192
19785
17171
12700
2852
10313
5022
2943
11075
14697
6865
4581
16815
10182
14005
2524
19637
5919
15830
17475
17230
16963
14502
17388
4633
4473
13900
4933
18638
3083
18180
4771
15851
16915
15314
18339
11866
11549
14961
5385
2424
2428
16572
13420
14032
14217
6155
11501
10677
9275
17946
4456
2981
13837
3486
15338
2879
2348
13853
2829
9621
12312
11599
7212
12343
18789
17448
5309
3965
17787
7347
8130
7930
8963
2421
18996
15503
11653
17156
18639
7723
4142
4651
4055
3901
5545
2158
16249
19295
6867
2802
18511
8985
14287
18156
3926
17253
7451
9799
4097
5759
2107
3953
4737
15863
17519
2228
2109
9934
3733
19375
4156
9596
18530
9046
12541
5628
18578
8137
16655
14445
6667
6423
2652
2412
18654
12984
19754
3734
14116
2656
7642
16083
17405
16673
15346
12317
2893
18002
5328
12707
1897
17048
11746
16639
9868
15421
15202
19699
3077
4416
7291
5046
2336
12846
13204
5002
16766
16663
6726
10771
15144
5397
3547
10739
16503
19610
9750
2266
14319
2005
16583
12175
19131
8020
7191
12947
15672
16426
4555
14570
13507
18575
2246
9465
13953
11776
19723
13320
2332
12457
18377
15162
9101
11448
2876
16930
16035
7858
16884
13178
17762
17966
2628
16946
15618
15942
3063
5315
16449
17702
7828
3084
9000
5532
19641
2613
11428
17135
8317
17168
11252
3578
10209
5282
14328
5896
2942
14474
5152
13312
17364
10342
6204
4272
11371
15736
12053
5056
13814
8575
9127
6837
19096
5608
2704
9225
5400
15543
8631
6480
19187
5278
8885
17215
19128
4792
5592
6938
15174
13158
9734
3663
9667
7158
6478
4143
9954
9065
5959
4236
14581
2368
9240
12254
6187
18571
4382
3013
19460
18975
2658
6650
18101
11677
11722
7121
6241
17575
9631
3498
12253
15843
17146
12626
4256
17614
4621
13757
4809
14738
16681
13284
3667
18754
10546
18908
9847
2156
12923
11571
12538
16831
9965
14626
8241
5644
13617
15128
4309
3917
8004
9634
3371
18923
12400
2145
14036
8354
10177
2309
2679
4624
6141
5486
19447
2100
3854
2948
9962
2850
5685
10851
3458
14242
12803
18552
16752
8086
6481
1939
17701
5657
9280
12825
3629
2777
5113
2273
10820
11381
7242
15070
18323
10500
2089
19581
2908
19261
7356
3238
19340
7841
5696
19334
7374
4007
19488
3849
17609
4277
14561
9324
19243
13693
6226
11088
3745
5495
8850
2605
12446
19014
11877
3516
19841
4166
4165
2013
11506
10479
2495
15563
6834
18863
14119
16071
6094
13903
9439
9806
15964
10829
11131
4356
11903
9050
7090
5479
17336
19132
2477
17441
2323
14873
18220
19371
17949
13058
6946
2571
9326
14142
8731
11333
2011
3921
6336
16567
3134
11600
2547
3783
2491
14945
8930
2998
12221
3053
7953
5700
2823
3529
10819
8009
16888
3499
1960
16191
5786
3341
19135
6564
11224
5673
18287
3497
16549
4804
7488
11115
17478
5401
13116
2073
14145
4569
13399
2569
17933
3596
8651
6763
12740
13098
3280
7980
7292
19032
2799
2911
18329
2692
8688
7353
8139
1973
19218
13698
7463
14754
13277
8619
18146
7657
2313
12524
18079
2318
7361
18985
6418
17471
2294
8330
18785
6985
10770
4570
7037
14177
12611
5814
9888
2069
9279
5693
4303
2610
4133
6706
3655
7443
17302
15536
9054
7281
9642
10582
6750
12593
12788
2379
5386
12742
13049
12569
6948
8802
16755
13651
14470
8515
13736
6602
18927
8611
6259
9267
6898
13657
19838
4412
10911
9444
12371
10024
15498
18674
7940
4032
8157
2918
5252
5974
5455
13720
7686
2573
6253
6906
12847
2734
5298
10748
16765
10958
17767
9070
16192
3723
3603
1929
3767
6919
2473
8308
18219
11183
3331
1903
4820
18619
10341
10990
11293
3803
2967
16705
19053
7483
13269
10477
6836
8670
14330
3482
15320
6859
3806
5378
19070
3897
3199
12881
17251
14178
2933
3450
7898
2960
8315
2621
15143
7113
3425
3664
14996
2490
4178
5627
13712
11253
16045
18803
15796
19311
3249
16193
17335
16536
17917
12962
19651
6675
18238
16464
3743
3610
7152
13645
4244
12648
14305
10263
3563
13265
15527
5202
9534
11021
5380
5845
6921
17460
18423
9914
18942
15548
2461
10859
8928
10952
3522
2047
7638
14314
15724
17510
11687
15263
18840
2921
4611
8124
8750
14082
3394
9197
16771
8538
3309
19001
4047
17380
8660
18540
8302
5842
4067
16742
11466
1925
6427
8683
10289
12150
19376
7880
9500
11248
4619
17703
19921
2384
16927
3963
4471
4155
11533
7948
19240
17313
5375
6100
12044
10696
3782
2685
8343
13749
5474
6098
12213
8968
6728
16302
7091
15138
11071
7368
12043
18157
9264
14872
2956
10311
7085
14318
14817
8992
12159
7133
8803
2761
10469
4867
3252
16392
15510
14079
5005
17504
6767
9347
10037
19881
11752
2116
6504
4576
13454
5008
5664
5476
6469
10723
14681
19212
3126
16210
12985
5601
7869
18871
17591
8672
13489
6050
8816
16025
3213
8961
8817
12654
7781
15334
8237
15384
4911
12720
12649
12218
7666
6304
12081
11241
7391
10128
4923
4073
18139
8666
9854
7031
14901
18843
19457
9658
11537
7646
14984
16645
19136
19756
13349
4105
16575
17554
8551
15513
8945
2913
17838
2282
19584
5949
14166
9703
19718
3859
11497
6082
10656
8528
14359
16377
19230
16940
14033
10136
19440
12530
13597
11784
5787
15093
5514
10555
9787
13246
13346
19722
4437
5384
11323
14155
9931
5827
3102
2872
9331
7148
11683
3894
19348
3069
18080
7015
6061
7960
12836
3212
11914
10412
11286
10626
3178
12180
8348
4371
6431
2017
19951
14541
15518
4960
11186
11707
1936
4273
10373
4591
7758
7795
17294
12042
13151
11355
18893
4298
17120
10660
16177
17900
19144
3780
11697
7641
12801
12832
16918
15482
6492
6539
17476
10655
4354
3883
12709
10832
3427
8133
19148
6419
10337
13201
7829
2104
8230
4194
14442
8247
17867
15163
14579
3240
9328
15053
19060
12342
19538
8888
9295
14468
3961
10470
10766
19466
10574
5253
9623
13966
13476
3155
2684
16084
17112
6181
16938
4954
10885
5747
9549
2347
4422
14172
6000
18861
8141
11575
18308
9800
19599
4888
8972
15235
5683
8071
6064
8490
19363
3551
8445
3924
18384
14944
16571
5413
17820
11472
2095
10001
7065
4323
19815
2954
18895
11615
19104
17541
2300
5653
7680
16258
3690
13961
3140
18426
7115
16081
19720
8837
14968
4429
16016
11695
11986
11464
2267
3554
8517
14966
19647
5442
9017
16143
17545
12140
11488
14201
19435
8470
13360
8794
6145
12911
12374
20017
19855
10853
15279
12730
9163
6734
9464
5069
5287
13724
4006
7023
7682
8558
6582
7287
5093
9530
16912
17710
16537
19659
5876
9340
11437
13539
16310
17653
12208
9307
3073
13126
9358
19293
3523
10467
15428
8979
3856
11606
14578
15702
19043
13578
9626
17375
12831
14751
9118
14372
18118
8342
2504
15571
11285
7609
6624
4390
17810
16345
9335
5893
3886
13356
4976
4018
15933
8126
10593
4891
11681
17374
6697
17457
4728
5606
9781
18286
10956
19958
2025
9315
8413
11154
7059
5297
4386
6593
10605
16871
6902
13798
14544
11876
14109
5430
7302
13293
5800
10377
12936
12316
6781
18175
12845
7199
13325
5904
19571
16453
12310
4431
5199
18979
7024
10777
10113
15435
11430
7156
6393
3174
6470
13028
11147
13383
14731
16711
5999
16913
14034
13626
3557
10880
11082
6441
5898
6249
16756
3938
15712
11257
15084
19081
8035
6534
15883
2478
7743
9350
19076
16402
17370
6932
6792
13128
18348
6244
8401
18901
13576
9480
8988
11106
3683
4245
2866
10828
2885
6863
13906
7761
13061
9002
15980
16367
19232
18003
19263
11228
10953
4701
14363
18159
12706
15067
16115
8487
8860
3110
17553
6587
8500
12755
10925
12110
7185
12582
2099
16976
6006
17696
7346
5333
9178
16588
8310
5892
11775
9447
7264
10657
13148
16238
14267
10896
13942
4544
8180
13739
19777
18694
12915
8383
8485
13064
8917
14489
4603
6426
10093
1975
8448
5105
8235
5415
4348
14185
9955
5443
8017
6552
18780
17569
5311
13956
10949
9828
19998
11603
10059
4458
5449
7393
6958
18117
11798
12016
15509
11259
8326
14528
3360
9603
9283
10375
5209
8377
12637
3978
11359
11712
7770
8806
19449
11632
6007
10487
7834
19071
7226
19432
16420
4050
14103
5124
5633
8147
18205
19781
19633
3403
4799
7041
2742
19450
18925
7372
11841
6128
17318
2611
9684
17047
8468
11891
3865
5724
17225
8796
17159
7394
5009
11670
4839
10577
16220
14589
15431
18054
15403
15962
2459
5358
5584
16635
2855
5123
3336
12522
20023
11059
13212
18651
8904
10757
6746
3020
2631
14585
4401
6851
10288
7213
19805
18113
6999
3113
16703
8703
14767
17393
4535
17830
7206
19654
10913
10040
4957
18346
12571
19078
10115
12163
5989
7956
4987
15230
4930
5806
15090
3091
16092
14124
4184
13600
7941
14361
14913
6027
3273
9712
12263
18611
14411
3776
6890
8650
15006
9442
4213
4046
7901
6503
5708
8608
3691
14971
4802
10329
3078
13368
6573
11939
5332
14391
16920
11528
17330
4214
17695
19925
15351
9776
11700
13450
14783
7837
11045
10765
10379
18917
11411
10942
11530
13115
9606
6549
10029
11893
12141
7010
6215
17693
9107
7139
9671
4433
20011
11179
3509
6617
17113
13491
16320
16643
7876
6839
12130
16414
15216
8299
19452
5062
7675
11725
18487
17534
5128
18729
4025
5292
2869
3101
19207
16877
4785
14647
15692
11038
14735
15467
2256
4865
15473
16101
7304
17791
17468
5355
8175
9783
17721
3721
17213
11828
9269
16933
5389
7792
5998
9380
6658
17590
12502
4735
11445
4830
18317
16300
15910
17983
18386
18023
9066
17314
9111
3302
7245
3581
15812
13556
10876
5138
3410
12308
19559
6849
14399
2392
8148
6122
10933
4344
17361
16670
19067
5320
3915
8221
5268
15501
13421
16944
2670
8755
16960
10108
8677
7817
17522
12498
10753
8234
14387
14379
7032
7873
3997
17571
17345
14346
10914
5669
8579
11425
16987
8881
4186
12361
5546
4784
15951
4045
6112
5619
10100
19523
7622
7479
19031
16552
10597
3841
9739
4151
4482
18922
12838
16282
5017
14540
5527
18864
14396
3292
8090
4945
6607
14554
17059
13846
8622
6101
4843
9641
7921
1930
13177
11289
10715
10762
3397
19178
16774
8639
12366
15988
13948
4305
10994
12285
5254
12483
11181
4714
9471
10821
10030
15950
15127
6255
4678
6389
2103
4449
8724
12724
11120
12860
5562
16428
14714
16482
3717
6912
3415
5477
14239
5848
13276
10775
18376
16885
2932
4042
17525
4521
7360
2405
5970
6119
19868
13238
5934
18779
10893
19808
4659
3287
17806
15373
18763
4263
8714
19996
2935
17911
4579
19050
10003
8720
14463
14422
4650
14932
5816
7850
16229
6309
10918
17772
6110
18053
7468
15130
9323
5295
9560
15136
5369
7530
6412
19613
12485
17298
16287
13878
6644
18186
14549
11659
11604
3999
11217
4118
14365
8030
5756
10711
5960
11727
13484
18518
3106
7208
16709
12006
7964
2023
6847
18315
4845
9724
15423
18605
5259
6407
7679
2086
15726
9932
16157
18208
11119
5596
10223
6648
19487
9044
6463
5870
14969
15787
14085
15211
14016
5913
11469
8614
13545
10571
19557
13013
15985
16188
15199
3995
4297
8704
6870
13751
5422
5377
14089
4216
13287
13913
13162
2831
6974
18106
12313
19444
5205
3479
18221
13538
2450
15676
6678
11432
5028
7797
15858
7871
7359
4810
18430
18813
19169
15427
14122
6023
10312
14562
4667
3651
1945
6396
14977
11109
7864
11125
8002
8107
3817
5368
2664
4029
14270
18061
8424
11812
5189
15625
2725
7892
7439
7286
12191
19021
18209
3566
2668
12195
4345
4242
13343
10391
17087
10598
12833
3045
6207
8246
13512
8734
8059
10481
7632
8893
16628
18630
10362
17632
11827
5508
13598
12857
5196
1977
11159
19156
16050
12059
12184
7651
9462
4086
5016
14368
5127
11783
15022
12158
11182
6195
18906
8609
13104
10904
6574
19864
17501
19094
7200
10015
14043
9759
9612
19171
6737
9053
15784
19603
19990
12198
8431
2581
9006
9893
5029
19589
7688
16992
5111
11260
12673
9613
19379
11938
6770
12458
9306
4606
17237
17827
6028
2467
5440
4647
8937
19298
6777
6719
7891
19327
10180
18742
8603
3361
5403
6891
6323
11585
8499
11786
19776
2517
2118
14249
12986
3945
9539
18907
12101
10430
9685
7299
17293
3164
12075
19491
6251
12326
18167
10683
14992
4897
8711
10370
7160
15154
13322
13748
15078
16789
19739
2133
8454
17546
8520
11230
9149
8386
7519
5986
18266
14499
5586
5701
4176
8542
7545
17015
13441
14670
15003
5690
2281
18402
15170
8105
17895
10735
8578
5499
15886
5025
7364
11438
18888
16621
13283
9873
17339
3597
13995
3281
4907
9808
17297
19818
19751
19276
4385
14665
10322
3946
8525
8927
9299
11256
3986
10371
15655
3934
11846
6733
10682
8344
12536
13746
8365
4462
7636
17833
6905
3420
9521
13338
17049
11202
8986
6894
17705
18949
4598
8810
19548
4172
16994
16941
11404
12225
15836
13409
5958
15566
9033
10742
3473
5505
6856
14208
2254
10903
14494
11320
11028
6243
12192
16708
10760
19262
9946
18645
4818
10443
2968
18704
6640
17629
15033
6914
19134
8488
16692
8450
12090
6182
6753
19625
5108
19611
18461
3250
2920
15780
2019
5908
17198
10791
7531
9766
3476
15079
4095
19080
9520
15870
8165
3730
12924
18640
7071
6443
16883
6129
16942
2990
13974
12894
5952
4235
3120
14933
13920
9807
2741
13811
16403
5993
7261
10462
12559
7750
8438
3054
18984
4921
12789
2090
8187
13345
5156
10567
4026
18135
11426
4822
15614
18066
2305
6945
3882
14093
7366
7190
19780
4661
3087
6359
11390
12378
14844
6832
6801
15585
5166
11308
3358
6589
15129
13615
10689
7234
5023
11447
9098
10750
8405
7541
17265
13033
7079
12967
17758
14321
5621
3722
7362
12397
2871
17211
4478
8272
6473
15262
11656
10648
19130
10814
9967
15960
12133
7999
10484
5041
16800
18421
13715
4772
10688
7383
15729
14495
14690
2688
2830
13259
6615
12040
18409
17656
12168
2006
11734
19361
9409
15508
19451
9329
14307
17688
4672
8437
8091
3771
7404
2494
9286
13613
4962
12230
9024
9899
5456
3453
14336
15499
1990
7650
12453
5605
15660
13224
2589
11006
17262
12519
19119
10053
14003
16292
4417
2584
9595
5996
5542
4791
13275
12667
8530
18878
8585
9039
3316
8135
6608
4895
9919
7963
16305
5365
17528
7103
10608
3027
8204
13945
6532
19949
11069
4991
4227
12808
16224
6341
8883
13731
6416
14375
16688
14392
12488
11245
18555
16335
15829
10442
4036
15292
17190
7922
18172
7982
13918
4004
13676
14277
15151
13971
10850
9837
9551
16401
10722
18326
19673
4241
13705
2588
11220
2132
12786
16666
17239
12379
17598
14248
12736
3472
16104
18178
3889
14384
14182
11077
16313
3275
9722
15047
14158
18968
11012
4677
15291
11232
10827
2977
4215
2272
12880
14982
15752
3853
12350
3807
13359
17887
15678
3477
14475
10303
3988
10813
15633
13012
10866
15243
14928
2762
12535
19259
13337
2693
13035
18389
15610
16530
18398
4346
10968
19574
17960
10208
4379
10271
13257
15357
10123
13444
4209
9966
3107
4572
4183
13181
3353
4411
19554
17992
12851
12564
16183
18320
2260
11817
13443
14908
15590
13707
13949
18341
3285
9590
2064
17212
18520
9702
17489
3395
16921
3838
14309
9978
3677
10240
17798
19691
11484
13423
10166
11225
19236
2391
19506
11703
15567
15490
13502
10205
12067
4150
13372
19467
10324
12068
13665
18627
11065
17245
2373
17790
15782
16497
12826
16539
12102
15997
17450
17692
11207
4193
10213
18708
14550
3237
17010
13442
2905
3787
13361
16020
2248
13087
15570
18516
9578
17604
13213
3243
17796
12531
18294
4615
16412
4271
4013
17927
11218
14560
11588
13582
9429
12770
11753
17766
3797
17473
12269
11158
15854
9567
19147
17187
19588
19742
10192
13596
11135
19814
9743
17650
12065
18992
10908
4457
10552
17750
15891
2727
14212
12675
13160
17483
9487
18986
13234
16860
12135
12960
11785
15008
19735
4093
3333
16032
16087
18374
15412
16308
10772
14288
17165
18802
17344
19931
15559
11766
13348
12735
10862
15973
17183
12428
3314
3612
11321
16931
12219
11144
16698
17826
18767
2499
4140
10769
4475
11665
13609
15917
3033
10319
19770
15012
10921
17098
14035
12517
11597
9544
16954
17423
9957
13352
12149
10970
12144
10863
13095
17164
9793
17507
11014
19689
3469
16989
17746
14173
15256
3769
12885
19294
14250
11100
19101
4533
4248
11962
19684
3855
19985
12157
12919
14040
18515
17719
3412
3461
18137
3154
17735
2702
4571
18091
12997
11637
9466
10943
9809
18897
18153
18859
14332
12992
11553
13947
3231
10064
3876
11925
17526
15077
15764
9852
9694
4228
14394
16723
18512
12106
3872
9481
13488
3021
15236
18926
17976
15732
4617
17877
4481
13473
19957
2216
3728
15017
18303
13449
3825
10758
15645
3000
17155
12259
19231
11129
11318
9569
17969
19022
12525
19018
12685
18268
11423
3960
10509
3377
13505
17436
13377
2247
17295
11910
19577
10891
14477
2065
15801
13438
4374
18668
11543
3814
14719
15952
14190
9941
14513
18041
13152
11319
10090
16735
19645
16770
18414
19313
3032
17261
13732
13760
13255
11066
13754
13242
15474
3959
11638
17637
3943
3890
3543
12294
19211
12211
2415
14310
16894
3470
10693
10505
2016
10257
18276
4027
15270
13086
17800
18583
12107
14247
15484
2333
17574
4206
18432
3970
15873
18455
1974
13787
17118
2698
1893
16964
19891
16053
17682
14444
14272
2592
11471
13118
10098
3975
4655
2409
16748
9681
20006
15045
15789
13232
2941
13144
2783
13936
4262
11704
19817
15328
14435
10194
17279
16923
10905
10575
11222
9994
9758
19839
3487
17555
3579
18212
4152
3210
3922
11838
11300
10518
12849
12464
2845
3256
2072
18319
10974
16202
2897
13937
3976
3296
11779
14989
10616
14449
9916
17188
16830
3955
15679
16729
13248
14186
12598
18081
15741
17731
11562
3028
11948
12618
12407
12689
10032
19778
11875
15408
2635
4623
3874
16680
18032
17752
10227
4222
10214
13007
11122
3203
15238
2686
15489
13766
2585
3363
12834
19789
19179
16836
16038
10272
9878
16102
14358
12027
15520
11046
14432
10310
12963
14229
10305
14044
16041
10349
11577
14671
13769
18521
19124
13534
16879
10369
18796
12072
13540
18936
16886
10471
13241
14682
11844
16275
11622
13809
15166
17533
13292
18784
19724
15382
17985
14374
17498
14215
13929
9573
12972
19257
14543
19065
17482
18976
10163
14450
9975
17771
17041
16148
15540
18684
18403
12577
14811
11848
17652
17990
12695
13315
17854
11492
15877
14601
18394
11453
10041
12864
13199
13709
17681
13059
14418
10752
17706
16079
15922
11658
11974
16674
17029
15186
18411
14568
14326
13654
14486
11118
13214
17258
12301
9683
10185
14143
12693
17340
18790
10515
18362
15010
10294
15685
13548
10984
10028
13398
16047
11363
16327
17585
15005
10413
10246
12609
11756
11947
14564
12073
14668
11250
12759
10674
19806
12505
9970
11161
15016
12537
17140
18631
17602
15119
15694
12576
18470
13574
10409
17014
14812
9493
12357
11990
17583
17175
19197
18078
19170
13295
13472
18825
9467
10732
18764
11583
15201
18608
11103
10939
10503
13389
10145
13379
17197
13195
16955
18147
18844
12231
13072
15720
13357
16112
10461
11149
18056
11538
10788
17753
14337
16911
13978
18600
14355
16391
16731
17897
14949
13750
14281
13792
14618
16236
17036
19546
11631
13963
15164
14294
11336
11214
10286
16668
12713
12333
13208
12741
10822
17926
14029
13114
10297
16905
9981
14025
17890
12908
14096
19547
14438
12782
15816
19063
11781
19825
17664
14149
12031
9986
13801
16521
15833
16554
9960
17182
10717
13983
10532
16217
18659
18875
10346
16100
10457
14238
9639
17672
14669
17127
9913
9552
11804
10051
16625
17741
10221
18853
12291
10147
16893
12084
13521
9659
14107
9866
11016
12307
11609
18962
15103
12033
13168
10039
9857
13483
12281
15491
14582
16085
11595
10270
15415
10825
18818
12793
16712
12248
17951
10460
18632
9772
18373
11290
18500
17456
19186
14950
15716
13722
14108
14183
12194
13163
10936
13683
19370
11852
10343
10519
10926
14027
16261
10886
14126
14306
18978
13501
14988
13759
14553
15471
18404
11882
19027
12127
10957
11439
13324
14487
13056
12423
17226
12733
19084
10659
13040
16089
10513
11944
12244
12062
19152
10763
17584
16610
10459
19561
19837
18643
12646
19690
12583
10011
9692
16689
10776
19608
13525
16936
11498
9432
15719
11761
9825
10403
19490
10292
15007
11010
10335
19404
9968
10551
11515
15815
13897
13901
15381
18609
10089
16646
14999
16949
9844
12573
9577
16657
13591
12185
18495
9832
12077
15691
13650
11124
17367
18255
14759
11602
18486
19012
17823
19185
12512
18974
14511
15961
15639
11458
19579
11101
13402
9819
12459
15710
15972
17082
9984
19989
15372
18822
9629
14228
16245
12424
14350
14896
12054
17191
11251
15871
18355
15554
11931
9982
15444
11210
11367
13685
9582
15690
11477
12420
13646
18660
14974
18761
18092
10317
12657
18964
9833
19648
14152
18352
12061
12258
18613
17818
16956
13414
19057
9585
18142
17662
10544
11636
9869
13044
12148
17642
17641
18700
11610
18491
19115
19072
14189
12323
15523
9528
11450
9749
19023
18904
19068
10069
14960
17506
10081
13174
9951
19108
11989
11203
14890
13400
12422
12071
16475
10300
13091
14276
12560
13326
13882
12515
13944
12243
12349
12088
9511
13498
10653
12399
10353
11507
11086
13134
13041
13795
12190
13986
12137
12118
12890
10365
12893
11078
13660
10334
12117
13384
14203
9902
11504
12600
11029
9611
12989
13765
12556
13663
13161
11518
9926
14092
10756
12166
13316
11840
11249
10005
10017
12462
10050
10097
11236
10072
11705
11551
10959
9517
10649
12204
9782
11409
10975
11981
13608
10450
10601
13129
9495
9860
10761
10058
10743
12534
9545
12652
11223
13857
10049
13777
11343
10298
10264
12842
10434
13791
10929
13881
11628
10526
13695
13799
13408
13415
9817
13386
14045
10534
10075
13364
9972
10981
11036
10159
11427
12173
11444
9912
13130
13027
9823
13824
14046
13867
13581
10634
12181
12083
13533
10998
11646
13967
12769
10492
13870
10565
14163
12718
9502
11020
14091
9761
12663
12635
11376
11863
12186
9886
10054
12034
13369
11374
13291
13132
13004
12431
11545
11041
10804
13236
10836
13486
10299
9619
12526
14009
10624
10061
13677
10429
11673
10816
13045
12035
13456
13392
11128
9689
11901
13078
10528
13430
13397
9716
10339
12412
11419
10523
10035
10007
13366
13239
13465
12012
14298
10620
10383
13197
9760
13895
10490
10874
13196
10808
9680
12256
13319
11555
12837
9697
11552
11521
13921
11976
11929
11070
9461
10595
10314
9871
14135
9905
12738
10681
13053
13632
14111
13396
10155
9990
11654
12792
10695
12331
11800
13523
13868
11238
12139
10720
10095
10525
12762
13672
10307
9989
14188
12523
12839
12901
9441
10549
12362
10130
12494
12358
11883
11271
11198
11199
11156
11926
11842
10055
13008
12314
13070
9788
14042
14299
13137
11235
9830
11330
10625
11508
13827
11047
12767
11420
9436
12433
12335
10212
13495
12979
12435
10870
13021
9792
13189
13783
13669
14006
12273
12332
11089
9609
10306
10384
12202
13323
13300
11008
12283
9605
12470
9555
12380
10629
13889
13198
13640
11864
12235
11617
9660
10992
12710
10558
12917
12691
11662
13422
9732
13109
11160
13762
10366
12971
12434
